3438663
3438708
3438668
3438730
3438716
3438734
3438745
3438696
3438718
3438706
3438752
3438689
3438705
3438712
3438695
3438710
3438680
3438728
3438697
3438703
3438733
3438673
3438660
3438713
3438676
3438729
3438722
3438662
3438686
3438666
3438687
3438698
3438735
3438665
3438707
3438667
3438727
3438715
3438717
3438664
3438684
3438736
3438724
3438671
3438699
3438688
3438691
3438741
3438659
3438740
3438744
3438672
3438719
3438709
3438674
3438692
3438678
3438675
3438747
3438670
3438661
3438739
3438704
3438726
3438683
3438753
3438743
3438751
3438693
3438679
3438720
3438723
3438725
3438742
3438731
3438669
3438677
3438714
3438711
3438737
3438681
3438721
3438702
3438746
3438658
3438738
3438700
3438701
3438748
3438682
3438690
3438750
3438754
3438694
3438685
3438749
3438732
