456443
456480
448676
455684
455665
445423
448674
453010
445988
447934
456728
448611
456936
450349
448076
457151
451529
454323
445600
449551
451697
444979
450533
452434
444909
450897
457231
450995
453810
452465
457015
453002
452492
454787
451562
446775
455973
447784
453422
445446
452446
448904
445983
449064
457356
449171
451335
451320
447455
453122
452457
447009
445887
455319
454197
445874
455261
455377
455848
450863
452762
446832
449347
452191
451825
451212
447794
457213
448631
448687
445270
447861
446252
457018
448225
450765
451638
448927
452115
455011
448397
453705
448093
448550
451870
456015
452615
456656
456341
456998
453586
454109
445459
451294
454456
446458
448950
450420
456562
448399
450750
445654
453717
447935
455978
453708
451623
449788
448533
454455
446112
447216
449103
449307
447996
453731
450865
446652
457303
445264
445173
456989
456597
454929
457298
447410
456171
457147
446068
452205
453824
447254
454001
452396
455836
452881
452660
452542
450841
452736
447478
455881
448991
452044
451288
456887
456588
452833
447346
453666
456244
446587
454599
447516
454810
445620
454451
446253
451952
450851
455529
455566
449919
445193
448826
445482
454199
455409
451701
450938
456375
448877
445696
454130
456743
449961
451040
452235
445862
454560
447286
445294
451596
451374
446709
453614
448999
450502
455832
447800
452218
445672
445172
453003
446475
451111
451487
451504
445995
450147
454413
451500
448373
457212
451129
451995
455840
445478
455668
453111
451846
454279
445610
449100
454136
455349
455078
450376
445708
455468
445756
449863
449962
451195
451532
453657
452873
447989
456717
447458
452637
448513
454820
453097
452104
456413
447988
454756
455776
454361
450719
447370
451919
451984
445190
453102
453095
446451
456947
453430
448835
452119
450732
451452
451905
454622
456820
454552
454880
444959
448434
454393
452450
446906
455933
453664
445022
447884
449964
448078
456377
452340
448779
455245
450368
446590
453816
453831
448652
447354
449394
449154
455274
456513
453506
447103
444871
456193
455851
448678
451568
447344
445527
447276
445117
456300
451771
452487
454064
452607
450528
448268
452989
446497
445501
447707
455022
446344
445828
450176
446936
448274
445389
453458
456047
455510
447434
446871
455021
451977
457103
453981
449140
446291
450023
447752
445201
451117
450658
446308
453686
445219
456516
451719
455033
446506
450300
453517
447617
453533
447981
451341
445959
456176
457186
455659
456229
456539
450762
451365
455764
451550
454728
455410
444920
451815
456435
445819
455016
447703
446609
455268
448653
449543
450616
447215
450876
455062
452355
452671
446349
446846
446651
446619
445771
453146
455934
454815
445577
451476
450986
446139
451256
449141
453212
451463
452565
447265
452131
453051
447764
451650
449875
454277
450473
450486
454640
454089
447607
445743
457199
445432
453093
453137
453839
451260
454977
448327
448084
451890
447351
455027
447742
446005
451883
448458
445677
451228
446246
447234
453714
452223
449407
455193
450877
457310
452201
452874
448100
449824
447479
453946
446142
452264
457030
445044
445342
446238
450395
453843
450328
456932
450626
448077
446678
451925
454588
453693
445742
451613
449055
446603
452425
453676
447381
456122
449741
453890
450598
446281
456903
451315
454168
453442
451702
455826
456430
448791
455620
450316
455043
450892
449557
448578
452694
455997
445716
445213
455845
448607
450976
451397
451768
454998
451285
453405
446343
452640
450736
447288
446352
448628
449313
449514
451566
445617
456950
452332
456759
448324
445155
455314
446025
446462
445065
450636
450500
446671
450202
454502
452282
446132
452509
452862
455486
453325
452087
453202
456160
455577
455920
453813
456735
454467
452870
450436
449862
451203
447443
446449
450246
455687
451324
445895
452717
452633
455583
445571
454662
450895
450988
448665
454100
452010
445215
449515
450380
453908
450009
451242
456190
449378
456112
457249
454989
454974
457308
449693
449655
450717
452272
446817
447294
446623
455716
449300
452077
445904
447621
453370
457053
451583
449355
457140
453347
448868
447788
445660
451230
455810
453169
457209
445086
449263
450249
445260
450407
454326
451767
446561
451801
450758
455952
453906
451002
446757
448101
447773
452807
454966
446191
451199
447524
447329
449629
445587
447778
447722
447146
447139
453947
450511
455214
447440
457270
448236
446035
449627
450053
453695
450079
450193
454257
448867
451486
447034
449144
448504
449207
449540
452029
445712
453785
453804
456098
451514
457225
447177
454547
448947
455484
449087
448852
453382
446359
448183
452403
454056
447948
453363
447671
451090
453114
451627
457027
448828
445506
447057
455012
446710
455627
454105
456367
457063
448893
452513
447229
447693
457042
448746
453375
453858
452712
456685
448323
453305
453891
445104
449127
454418
444900
449645
449641
455936
446487
452024
456835
452307
448521
453419
453466
455444
450100
451584
453321
447486
448879
449891
453802
446633
453566
450900
452704
452937
457307
449681
452512
448493
447120
453167
450756
449294
449071
454763
456841
449408
453259
446867
452679
449789
452344
450795
445650
450155
455318
456214
446370
453358
448430
449999
447828
456064
446592
453287
450962
445868
452759
450645
448853
452695
448472
445829
455234
449667
448557
448771
452901
449800
446309
454676
455122
448766
446542
449478
448249
445788
453079
445094
449762
455329
452544
456181
454207
450525
450352
450742
450560
452700
456261
451025
453441
446649
448887
455695
447164
449754
450731
445290
455873
451766
455495
447987
453964
453390
455469
450451
450842
452379
445180
449445
454557
448211
445799
451100
452373
448814
456502
448731
451885
456669
455427
453384
451161
456896
449123
445558
453197
450301
451960
449268
452608
445088
446877
447214
449296
454226
449798
447701
456065
445468
445042
448505
456856
454992
454164
447000
454058
456042
456044
456155
446114
452250
454488
451171
453006
454415
446949
447630
447639
453473
455334
446003
451655
451902
453424
454328
449771
450039
446065
447222
453116
449694
457132
449302
452017
445051
448509
445054
450695
456067
444969
445095
452779
445033
450406
455749
452561
453660
452557
453000
450160
446978
450414
457300
456702
455061
450171
445807
450682
448068
452285
455212
446117
451437
449916
449562
451847
452173
451534
448137
452093
452905
446502
456822
450777
451484
456708
452860
448022
448059
450968
446647
456977
455968
447598
456919
447869
455875
450653
447662
447593
452651
456213
454045
454651
446591
455592
445418
447203
451712
445603
451082
449449
453638
447334
445087
456536
451794
456260
447528
445242
456811
452409
449174
449224
455710
446969
451371
446796
451431
451041
446604
456403
455632
455778
451453
447453
456803
455215
454620
449804
454165
453073
446440
454544
452984
449427
448719
444905
449319
448698
453072
450810
453823
451241
449851
448281
445413
453844
447135
456401
447678
457141
452764
445295
455572
454919
451283
452985
448141
451131
450757
447815
453118
444888
455647
451510
448972
446689
452368
454261
448040
447974
453771
447218
449417
450556
456442
454271
452861
449598
446262
448099
448498
451710
450546
445362
447494
456354
453141
446833
447263
456566
449139
454260
445160
449746
452980
450410
446319
451184
453439
452243
455635
454656
445576
457286
451074
445550
452148
451200
457362
454906
451319
447867
453892
451520
446276
449560
447848
454433
456733
450899
450747
454238
453365
456968
451358
449601
447568
456477
446819
455363
454554
444941
445832
450791
452848
451402
448157
449097
444970
446030
453193
455785
445059
455796
450225
454860
448816
453195
456208
449318
446693
454235
452428
449610
457207
452692
456824
449146
444938
447398
446138
448194
446496
452456
449344
448069
445675
450453
450843
454309
447468
449217
450312
452792
448522
445579
446760
446393
451247
457017
454784
449001
449257
456906
452708
451101
450472
447359
453881
452551
450809
455130
445045
450001
455066
447461
448368
445098
455734
453451
448784
445405
455901
452300
455791
448280
444939
448400
451967
450484
445127
445640
455880
446432
454673
447908
457317
456693
449165
455626
445584
448342
449090
446777
451776
447928
449767
446533
455982
450923
453247
450066
446528
456924
456157
451587
445761
447799
454665
456761
445514
445642
456365
454191
445232
456752
454110
453105
447348
445986
456591
456821
446004
451257
452647
453263
456177
452830
448559
453719
449978
445177
449753
449519
451614
451470
449163
452230
452688
453280
454394
453449
445664
447246
452486
453833
447372
450290
450609
445437
454899
446406
449463
448553
457321
450518
456938
450058
449131
445719
454166
454420
447194
457196
449374
446555
445936
452294
452330
451616
450862
454935
448094
456019
456312
450293
452572
451953
456398
453456
454427
452839
456862
449216
446600
446582
453613
449277
455777
447765
455960
456325
449938
454305
456538
451666
456578
456798
453594
452076
449621
451132
453978
450960
448152
453281
448587
455856
447423
447770
446983
450808
446794
448978
455619
456978
454525
449585
452821
457335
456382
454578
455533
448484
450934
456439
451095
449907
453963
446178
446632
444896
455674
453335
450081
453303
453171
449751
446407
452526
455208
454970
447502
451792
447932
456293
449099
447795
446826
452280
447736
452859
452342
448149
451553
447964
446032
455959
445795
452215
452287
449874
448497
452722
449455
448214
447626
445631
455111
447415
456114
454021
454942
451821
445812
456088
456469
453500
455965
455830
454576
447230
448837
446453
455990
453314
448105
447197
447050
448989
448741
450847
450840
457190
452546
451337
445322
446575
455222
446050
453158
447985
454088
456967
453017
447319
450898
450749
450925
447269
453412
446891
452912
446583
447487
455564
447955
446463
448988
450726
449512
454733
446014
449821
450234
452815
447582
456533
455739
456313
456774
449763
456243
447563
448088
450200
453728
449785
453434
456768
456053
446865
447973
448122
456722
445456
448011
455613
452156
447140
445659
451156
445508
456911
455769
446150
452838
451222
446234
452219
445457
449072
451068
455331
449775
445419
455249
455991
449213
451662
456617
448358
453520
447289
447299
445463
454617
452132
446789
445210
455190
446622
457260
455563
450306
446466
449401
451096
454879
452412
449920
451931
448353
446887
449892
455071
448062
455113
455909
449704
448903
449556
451642
447717
449607
450492
450401
456784
447824
453177
453975
453579
447580
446267
450663
452309
452990
448223
448204
455707
445655
445998
449032
447749
451836
449083
456495
445310
449102
448102
453809
456521
445970
450836
453284
448258
450479
453048
449558
449595
453159
450708
445873
456040
450619
445931
454250
448856
446905
452587
452031
446177
452306
456515
453585
454891
444945
456907
449101
448392
455677
447874
457203
453331
447550
451591
456198
449930
444948
452032
448692
455426
451675
447894
451749
456865
446803
448192
454137
453672
446481
453407
452386
456447
452179
454012
455460
452782
447244
456010
449221
449443
454060
449076
452618
452498
448564
457266
455106
447305
456802
452639
454857
454913
455228
452343
457238
445680
446518
455006
444926
447976
449898
446894
457312
449941
446529
452761
456241
447871
449366
445455
451659
448803
452750
446075
451734
453484
455442
448592
451124
452610
451530
453765
448567
456653
445081
455550
456747
455153
445549
449086
453903
454040
447616
449997
455269
446852
445915
451968
448958
455950
445830
456330
457291
445879
452826
454691
451933
453179
453047
456081
448032
448298
449237
447314
445985
450192
448843
446617
453727
454350
453636
450635
452410
453504
452388
456791
446835
453173
449373
446328
453944
447601
451829
445567
445896
451535
446151
453602
449160
454078
447042
456637
449744
446884
457142
454139
449026
454400
447606
456499
448384
454804
446057
455456
446779
447242
457280
453342
456807
452252
457146
447943
447309
453009
449447
450127
449317
446306
450565
453982
455290
456373
452164
445729
457294
456414
454173
453540
451884
447557
447297
447318
454195
446290
453857
445461
446288
446012
452666
446048
455496
453865
454984
447292
454732
450485
455617
445073
455741
448946
448569
447721
456779
445773
448621
449085
453536
448143
453498
453603
447001
456483
453548
456801
445615
454068
451393
448247
450564
452118
456577
448106
448444
448807
455548
450469
445894
450642
456557
446365
445596
456525
448942
455453
452297
455984
447739
455164
453711
446868
445379
451085
445286
456898
456793
450443
451665
456610
451835
449834
447138
455389
445427
446695
456436
453148
449717
448367
447364
447208
456405
446945
450330
455553
455789
454296
452051
445751
451699
450208
446323
447684
455467
445414
446607
446074
454571
452505
456228
453962
448045
454118
454753
456316
452602
451251
449147
450594
450326
446768
453170
456428
447515
456512
450793
446341
447270
450901
455540
455441
455264
445707
447753
452221
452308
453662
454740
447505
453461
447907
454702
454801
445495
454700
445929
446231
454229
452612
453273
454797
447629
455782
446581
454761
447444
451477
456433
455392
450072
449868
448644
448570
452448
447579
454965
452245
445251
456465
453616
449420
449541
453138
446353
457168
456741
449822
448006
450614
452069
452888
457215
452489
457112
454718
448686
452796
447084
453501
447586
455565
449899
449525
446334
451961
451671
447789
449441
446715
448465
450437
451214
446483
455655
452154
455395
453313
444922
454387
446196
450668
455706
449942
447841
455297
454469
451307
449619
448082
445912
446851
452101
449198
450101
453463
448858
448965
452575
448616
447046
446063
454183
448266
447482
454236
445790
452056
451867
452790
453333
445701
448515
447625
445625
451016
452012
452588
453818
456737
450584
455140
447409
452771
445139
450027
449201
451507
451564
455291
447975
445317
448981
445630
447535
447741
453743
456620
445552
453955
450638
452112
450399
451055
449547
449336
446666
450273
452216
456101
456449
449624
448174
446699
449842
447917
447490
455526
454559
455509
447596
452193
445146
447998
457028
455063
448727
453368
447161
449411
454186
451404
455159
451394
456476
451717
447315
456473
449966
455112
453932
454604
454442
451965
453336
452117
450019
445382
457275
446476
452582
452948
450996
450553
455917
450640
445810
455476
455364
446042
453897
445002
452630
448787
448212
445137
449312
449027
453882
453866
452548
449321
457171
449584
451427
445537
446087
450063
447890
451939
455346
452959
450489
449019
449461
449625
444897
446888
448571
450197
445522
450735
448762
451605
456757
451145
456285
448775
453752
445808
454029
450320
449900
453856
455267
451401
445125
454503
448815
452504
452716
455839
454005
452000
451695
450771
452590
449346
447428
451109
455119
447899
456186
453098
448414
453677
446907
447086
449738
448185
455213
450319
455515
452431
451625
447316
445852
455833
449149
448488
445849
452896
456891
450881
453787
451104
450049
445326
449404
453399
457367
450014
454450
448451
455335
455478
454927
456900
451910
453624
447492
449649
446482
455729
446480
446965
455554
452924
450691
451357
449282
446938
446545
446360
445699
447107
454764
447963
451770
455324
447006
449850
452371
456091
448380
453597
447079
449405
448594
448254
455359
455439
452902
445981
455470
456056
453790
456273
454535
454422
450281
446544
454595
453510
445800
450120
454688
449187
447946
452144
452430
453403
451010
453555
453619
447603
446614
453697
450928
457189
454509
448371
450284
448849
452178
453341
449678
446395
447308
454333
453153
449009
446249
452039
449759
449284
446979
446556
455096
446984
448134
457113
447251
456309
455985
449113
446705
450447
445297
445899
451580
454031
446230
453299
445635
450569
455445
449316
446284
451735
452351
452079
454888
454706
457058
455966
448449
454759
448992
445997
451050
456640
452744
456266
448307
445354
446974
451872
445702
453234
455489
453410
451615
454572
454216
454818
455676
445801
456819
446923
455385
453699
446517
446221
449003
454240
453200
454684
451367
448127
451063
456415
451252
454148
447163
448543
454112
451724
446203
445101
446092
447819
447260
455869
452740
451807
456881
445574
445156
448792
446099
446952
454335
448110
455753
450107
454429
452738
454832
446500
449703
454833
445893
447341
453462
454096
450322
448545
457160
451169
457376
454591
446136
447745
454176
446855
449275
445376
451267
448435
449093
448629
449462
455817
456636
456663
450073
447978
448955
451140
451863
446686
456089
449283
447005
457232
450387
453361
448387
456151
446181
449847
449188
453758
450125
455846
446316
455842
444881
445850
450806
448961
457340
451293
450530
449735
446987
449469
450028
452109
456311
449634
447823
451691
449117
452952
454052
451610
449982
446062
451497
454177
448535
454180
452520
454253
449119
445628
456173
450544
446464
447609
453772
456668
451854
450335
449022
455516
447066
454932
450269
449120
445666
445226
454826
455053
448768
456352
446568
456343
450481
455152
454631
451786
453590
456069
456773
456634
455948
455863
445869
444975
449500
451450
446329
455941
453577
445528
450878
450587
450548
447865
456450
456302
453626
447569
452095
446331
450728
455097
456767
450060
445820
450600
450538
454961
452846
453755
447323
449286
448464
451091
456852
452632
450442
456470
448508
450949
448973
451499
444980
450709
456385
446782
454091
447959
449695
455639
453924
447862
452251
445378
445103
449612
450033
445683
454903
453560
454274
448129
448539
456785
446704
452780
447589
451306
453379
445391
455279
449451
448490
453739
453827
445831
448081
449902
451000
455956
449934
454126
455204
456317
447634
447062
450817
450087
446294
453391
445394
448002
453549
449530
454152
453109
446808
455384
454589
448896
448929
449784
445453
448475
445234
452510
452933
456514
450761
449403
445875
446031
448413
453769
451860
450013
453326
450440
453522
446320
445723
452578
455908
452185
447186
455381
445327
453683
447709
451795
447342
449104
449813
448785
451088
451947
455861
455878
452751
449778
456350
449611
450926
449486
452661
450044
448142
453967
445261
454873
445963
453521
457059
457109
457065
451545
449016
452549
448230
447395
453438
452207
454370
457227
449626
454870
449323
456210
453292
450315
449267
456646
445762
448971
456033
451787
446274
456694
452624
445593
451317
453183
446336
452092
447036
452532
449219
450504
451775
452495
449128
448061
447383
454286
451597
454477
452405
450037
454414
449559
452096
448285
446176
449990
455432
456275
451573
449989
455298
449566
447513
454401
447811
454155
455143
450411
453993
450460
451127
454298
454124
453561
452906
447813
448556
449253
452375
453431
445110
457309
450050
454809
453221
447840
451756
449915
449343
455969
448151
453575
451503
454441
449013
456874
452423
450017
450166
448085
448156
451963
453240
447477
453417
446439
448583
452928
455913
447547
456238
449057
454479
446277
454967
450591
449817
450032
452097
454639
453871
455084
445529
450209
454265
449993
448311
453251
448412
454009
450647
455517
446543
455031
450478
448776
454287
449622
450271
454209
452074
454828
453829
445941
457003
445028
449956
456648
452916
447397
449686
448362
455643
446549
452686
453733
451621
456216
455263
445238
451134
449960
453455
447304
451239
454520
452274
456131
448516
454528
448600
455831
454039
455562
457120
445488
451643
446169
446837
455175
456831
451042
455210
448966
456937
456568
454459
444925
448407
449051
446539
455979
445500
447128
451760
454769
452241
454582
456866
454840
456076
449943
449538
457271
451456
452922
447942
445897
453952
456526
448012
446184
456255
455283
450450
451327
455824
457051
447772
446335
457125
450524
445673
451058
451190
455161
452130
445982
452336
452623
447303
456113
449588
450077
446088
454922
455455
452346
454999
446375
457078
447573
450993
446310
448630
446130
449687
446724
455008
454046
445695
454373
447045
451024
453423
454408
451657
455064
453070
449233
457331
455931
448654
452911
455828
452259
450496
457292
453830
454707
448717
448331
445169
456700
453542
448482
452600
447708
445720
456612
455056
450379
445647
451422
453304
452462
454280
446059
445575
447069
453749
453215
455573
454593
453437
447588
445248
447193
447995
445401
444883
450438
453083
447021
450191
451121
454042
445206
457123
451547
449295
445786
454307
453328
446141
456581
452220
456606
445591
447350
449130
450549
452882
446966
446646
452198
449053
447047
445638
457107
450933
456368
452550
447355
454713
454848
451485
456847
453996
452866
456280
453064
447470
449178
449657
447011
448935
447284
454621
449929
445466
455305
447798
447991
455199
451914
445092
446532
448940
446857
445435
451753
454115
448028
454600
447523
452298
447751
451754
453196
455970
451572
453642
450268
446716
447967
455958
445039
455074
457111
457336
444878
452925
454721
449419
452284
456913
445428
446731
457328
454020
453310
454831
446229
452146
446605
452802
450413
450963
447070
455150
445517
447886
445485
447116
447273
450207
452443
455224
444981
454212
448460
451409
449536
446585
451784
447750
454648
448041
449947
448339
445420
448526
450130
455457
448095
450541
453977
448017
454934
452625
451482
451350
451511
456072
455446
456545
446948
445532
454317
456192
453943
453085
450298
455882
449299
448209
455992
455653
449973
447590
454167
453427
453005
457185
451509
453931
448996
454412
449260
449138
453443
450374
450434
455464
449794
456338
445003
453954
450701
454851
445668
456946
447417
455891
449803
451970
456121
448468
452904
455594
452789
446995
452642
452629
446512
445888
450154
456830
445910
455357
455138
446254
454256
452042
448960
448463
448715
449365
454290
447706
448270
452444
452286
444880
454372
450467
447685
446824
456755
447757
447285
450807
451275
451064
453487
452260
453332
452053
447447
446009
452271
447692
448139
449164
453997
451819
448485
446419
446812
451167
454693
457372
455521
444892
446417
456775
451146
455165
457156
453821
451824
453680
447903
456871
447241
449342
452404
454694
453751
456148
447936
455205
452710
454457
445721
454283
446498
445280
446514
445128
451840
449030
447647
455447
451384
445990
450661
448845
454367
445143
447980
456003
455638
452977
449135
450137
444962
448742
449229
453086
453140
455552
451797
446245
453876
454664
454542
455871
450773
445840
448491
457124
452921
453453
455350
445597
450253
446192
449790
456966
454823
444971
454898
446273
453401
451524
456611
447544
448982
456810
446381
453815
456359
457226
451895
449917
456894
451677
455458
445942
454928
446977
450679
456749
447696
447500
455536
449195
455182
449590
456671
447726
449105
452500
451555
454889
453025
445595
446624
446472
454990
445816
446597
448663
446942
446182
456730
450796
447278
454172
453725
452956
452993
445005
448520
456507
456948
454776
448603
450184
454550
445345
451641
451107
448716
454086
455506
452773
451250
449758
447160
453038
453973
446944
444876
451255
445406
448320
447098
457322
446663
454564
451284
456688
451924
456624
455654
450879
448889
450024
453706
450805
445953
455118
446509
453117
451538
446982
452585
450617
448874
446222
453592
456025
455001
445108
452476
446227
445844
452872
450780
447597
445791
450483
452845
457050
453869
445204
450539
446959
450882
452161
450187
455629
457136
445744
455358
448871
451600
446610
445872
453126
449442
451464
445870
450818
449223
446299
445570
446420
456409
450655
449255
446484
445131
446155
448790
455443
456140
454703
448817
450852
449713
446534
445140
453915
453110
451389
454146
448483
445700
453629
453488
448162
446521
452067
445845
450338
446216
446499
446028
449152
455943
451777
449069
456980
452553
447195
450458
446827
455898
451850
448986
448799
445152
450018
453092
453656
452196
452411
451046
446854
449364
448773
454943
451571
451076
457174
457121
453036
449170
445639
455367
447843
450799
455206
450914
450745
451839
456986
454464
451668
446719
444963
457253
450007
446489
447356
447379
452784
451755
445496
445646
455657
445136
446639
452703
456622
450461
454379
447754
447645
445968
452574
456301
448928
453478
454876
456760
447957
449485
450026
455178
447561
451606
452964
453261
456093
452957
456029
457277
449350
447054
457031
450092
450067
445361
455354
456326
454923
452305
453178
445882
449574
445302
456334
448166
456083
456191
446283
455088
454034
451280
447088
448891
455388
450091
449628
447149
451279
454971
448381
445909
446650
456482
453822
448131
453241
453045
455587
453628
446108
456322
448345
450495
445578
456104
451483
448906
448969
457193
452697
452806
445224
455091
450813
448478
446504
451164
447877
451880
449371
452765
450244
455897
451982
450071
455316
451462
449121
452449
457076
454790
456607
456974
457192
451193
457359
445945
454434
450848
445863
449563
446200
454649
454699
456161
445404
454605
455229
451098
452232
446679
449206
454613
452482
450507
455129
450650
449458
448195
450057
445360
445923
454988
456103
454332
449707
447570
446641
450341
455270
445857
449077
448135
445442
451900
456756
449352
446408
448658
445424
453219
446525
449246
444867
449718
455663
451506
446926
451624
448898
452389
453069
450707
445324
449481
454462
445211
453008
449456
445622
447386
445564
450258
449238
449280
454103
453970
454448
448443
445594
452018
447687
450857
448075
446298
454178
447525
455640
454638
452011
449388
454583
451087
444952
447176
452249
452277
446729
447169
447375
451602
454437
452823
452597
446557
455448
449869
446552
453655
449665
456687
450555
449848
449033
446776
448778
454735
454134
444863
456417
454159
451331
446154
445320
449895
445782
445989
453229
445274
455818
448794
455342
451851
453372
451957
453306
447939
455752
448769
451762
445705
453074
451419
452435
456711
448046
448729
446382
457102
454679
453700
454268
449414
451440
445417
456804
451379
456855
446669
454282
451208
449050
446055
449685
452827
454099
454601
454297
457274
455180
446189
446128
453356
457072
450903
451973
453562
450488
448098
451432
453031
447697
446486
445090
454670
451023
454322
452997
452626
455259
445553
456652
445806
448445
450890
447199
452321
456935
450448
456508
452898
447857
451974
454748
452755
445368
451879
455584
456051
450599
452361
454050
451569
455083
454709
456054
457206
448804
447131
453796
455874
454106
455166
456840
447277
449677
448108
456770
449115
448283
454170
453190
455658
453312
444877
455591
450727
454630
453041
450397
445433
446683
447032
457370
447638
447321
450576
452398
445355
450004
452883
454628
451232
455755
449737
453245
453875
444879
445112
451645
448372
446134
455262
446207
452701
444906
446239
446411
453927
454567
456440
450238
453848
446465
454424
450286
451742
446670
450620
446661
457025
454723
450163
451941
448517
452360
451355
452908
454978
454924
450224
447633
448797
454752
448021
450964
450263
449596
452176
449928
450112
454233
455715
454686
452138
445396
450149
454874
449936
445557
454087
448725
450582
455311
447059
445018
454856
453547
455198
447439
456799
454839
448150
456347
456298
447016
448315
452915
452667
451979
451444
446456
454947
446425
451039
448912
445504
446268
452103
457288
448979
456739
447123
445249
447732
450340
449724
456956
449341
455819
448911
452197
450572
457005
456642
454968
450581
456849
456957
456386
454237
455730
453385
456969
446448
448930
445256
452452
454015
448228
454683
445542
449675
456211
445024
449468
451709
457176
447968
448029
450850
455052
445076
445093
449067
455576
450629
452459
450733
455339
448126
453236
450592
456179
445438
445956
449471
452318
444918
454097
447526
454751
456207
451198
453900
451011
447859
454362
450991
449094
452943
447983
446312
448527
451996
454002
451281
451595
456441
452438
453880
452787
450189
453601
453983
453355
453149
451439
453794
452817
456973
454132
452706
448606
455100
452253
448637
447384
457272
446110
454220
445586
451238
457013
452113
449333
448292
451377
455248
454887
456200
447501
453513
450404
457195
446955
454902
445865
456410
445836
454835
449769
452635
455977
454866
447027
456955
455612
450590
447719
450111
452035
449533
456580
452263
455374
453799
454460
449782
449545
445243
445643
455518
445185
456340
447056
455704
455285
450308
450218
456078
451244
455440
451204
448544
445454
446467
446257
447132
450143
455631
453161
447004
453217
449269
456429
450628
456095
456552
456139
449521
452153
456731
456004
449876
457008
454896
454123
445448
448924
445913
456692
448008
448752
453279
455054
449106
453623
446828
450462
456697
452490
450510
448251
454658
446047
445839
449604
451187
447293
455124
445434
450102
451155
446770
455366
446788
449143
453650
457169
451873
452474
451757
451392
446589
452464
455547
447043
451032
455794
451071
445556
454901
456660
452690
448900
445352
448310
448496
448580
446296
448181
454082
452128
451312
455348
449810
456397
451714
452728
449535
455514
450356
455718
450869
451570
447055
456125
448440
448124
452217
455705
445026
446362
454489
451403
455907
449749
445227
449454
447217
446694
451182
450041
454849
454225
451841
447962
454786
450512
451575
456963
454574
456258
455126
454363
446915
450455
450573
448796
447536
450969
448402
446754
450776
451494
450122
450212
450540
447403
448398
444935
449670
447052
447904
453013
449116
455082
450566
446570
452418
449640
445332
449879
453883
447361
449157
457214
447324
454383
445974
454294
454602
451962
446895
445715
453546
445916
447360
449593
455099
457334
453460
445241
445278
449853
447674
449465
445479
453589
444984
449638
451983
456691
456364
454681
453081
451901
455611
447405
457316
452689
456437
446793
451268
451407
455307
449832
453641
448980
452328
445085
445636
450113
448197
451186
451985
445572
449642
447911
453277
452938
453388
454471
450114
449808
457092
449040
447378
456489
456233
448761
452753
453057
447385
449241
448303
455894
448576
452920
456721
452514
454019
457382
452073
449424
452713
447097
455867
452528
445315
447594
449029
451188
453845
445838
453225
450148
449425
451240
450887
446220
451457
448998
452732
447102
457095
452322
445183
456518
453291
455899
450534
448738
449554
454365
448842
449402
456406
450169
453768
450908
450055
457010
449034
446460
455590
453400
454053
445534
456926
449472
445346
454044
446118
456664
447683
446173
452665
457105
449983
456090
449684
454925
455146
454111
445598
450465
449700
447371
445674
445178
445208
455860
451177
451976
449252
450980
456481
448309
448565
455692
446164
446144
453760
451785
446183
454743
450787
455422
444950
452855
453218
454266
450086
449111
447834
446237
456666
453061
453889
446960
455477
448802
455076
454993
452628
451181
447068
445189
455728
456369
449066
452747
455751
453917
456212
452804
451948
451809
449564
450136
451459
454162
450738
455051
457191
456145
456267
450108
450457
456351
451954
454392
450764
445269
457157
449480
453901
445780
447010
451517
452413
450110
446598
448386
446424
455808
446736
445430
453378
454727
452887
454336
454517
451563
450487
452005
455065
449549
451820
455256
454800
447554
456920
449643
449291
453398
456786
453507
452302
448704
454149
450785
455883
445892
456823
456049
455107
446226
456492
455482
446386
451436
448155
447920
451822
447902
452059
449096
445758
448087
452871
454881
444923
447793
451698
446175
456086
451916
453152
448860
450721
449948
449339
449589
453874
450070
457242
456074
454969
455944
453551
451043
456307
451467
449289
446964
452070
453035
451582
455927
451686
452774
452147
450153
450671
456349
447921
450545
453766
455916
456574
453933
457349
454892
454625
446205
446146
449492
451426
454061
453807
452518
452766
451930
457153
454626
456444
450666
445233
454695
451264
452422
450688
453525
447392
456451
454514
444917
451089
457079
447173
448865
449984
447061
453454
450685
446537
454682
453396
446840
457264
456276
445732
448555
450211
453411
452429
447362
452627
447555
445202
445505
455693
457039
447875
452470
450608
447044
450164
450445
449910
450167
450649
446580
445462
450834
451607
456282
446199
449288
449580
455360
456270
449042
448748
448111
450178
449413
451194
449018
448113
448931
447785
454037
445741
445972
450116
457254
445814
451202
449231
448699
451218
455401
451248
451386
453980
448974
456062
454192
456147
451567
453953
449375
452420
452865
447137
448369
451318
457129
454213
454772
447112
456825
455315
450574
450990
445006
450829
446488
448841
457248
456314
446958
450227
456381
456592
454533
445546
454936
449114
446822
445599
450837
456080
447141
451592
448221
453076
449368
454071
451843
453898
453435
453469
447391
445055
447947
456729
452558
447718
456922
455501
453182
451062
445749
451618
449089
446566
447099
454724
453646
457283
454319
453464
445349
445961
447080
446402
450229
452352
448723
451635
453591
456882
453801
450550
449722
447786
455568
452481
452857
448308
447690
453669
449132
456150
456917
447655
446931
452778
454952
456256
454746
449418
449661
453806
455648
451030
445545
451855
453572
453134
456455
447124
452419
454201
451554
453718
448044
445511
450279
446559
452994
450743
450222
449702
451092
453986
445063
454302
445825
447835
445015
452105
446896
451747
452480
448335
456419
453444
447363
457228
446147
455740
445633
446404
454038
447804
446398
448072
449901
454063
446002
446215
450074
449496
455402
457097
448890
449732
457261
456162
450612
447082
444985
456416
456152
457315
451143
456418
455803
456075
450804
449692
456716
455020
448859
451672
447979
445109
447015
451700
456420
446873
454049
452743
449921
450292
447118
452669
456291
451364
455301
454908
445268
451326
447873
450423
453257
450992
449927
448666
445159
449184
457230
447017
449236
446454
444886
446838
455779
454834
447413
456457
446023
449829
452754
452276
456527
447426
455185
454194
449772
449839
453156
456901
456290
446795
449726
455642
451831
454384
456031
448546
448467
445821
451527
450687
446194
455786
454904
449048
448905
451909
446708
453539
444974
457070
450725
452202
450272
453745
455010
447119
457247
455300
449273
456952
452314
456185
456719
446214
456851
456529
449632
450294
444940
446351
449239
453956
445179
450336
450523
454098
445191
453651
445082
448648
456537
447365
453569
454549
457304
452573
452466
457244
455505
454227
447430
449914
451549
455321
444964
452341
454228
448020
449256
449181
446495
445383
454214
455356
447806
453496
452467
454510
449242
446853
447716
446957
451788
452364
452707
454569
449173
447704
447390
451363
447320
446515
456560
455852
446759
452356
448584
455719
454696
445012
447454
448056
450715
447876
454035
454122
449524
456965
455474
456504
450670
456149
452621
457326
456218
452691
456921
453023
454269
453296
450259
456876
448187
456667
451523
450345
447219
448411
457375
447600
444937
451928
446338
445245
446255
447150
449583
452081
447049
455963
457181
448870
450150
454465
445170
453671
445358
451720
449971
451978
455581
449730
446161
453949
450984
448286
454428
445334
448066
447591
449210
456985
452730
449571
456771
447040
455522
450031
454824
453404
450054
455169
445526
449568
447258
456674
452060
447846
449348
455675
449038
449988
451223
452034
456923
453366
452726
446060
455437
450965
449602
452605
449507
453775
445544
446401
444942
445422
445119
451361
456808
446272
455682
454744
452471
455184
455736
455588
452473
445444
451446
455397
449676
448886
452439
452078
451743
452359
451738
454843
450232
447296
452402
449881
454850
451481
446627
452453
450763
447089
448034
453872
457130
456073
450109
452015
446836
455756
450625
445613
446015
450979
449508
453283
452469
450775
453842
455609
455607
454017
456983
449570
446069
455396
451651
446631
455312
447779
445476
456387
453923
451334
447332
448429
449285
454592
457128
451433
454080
446324
452114
452543
446954
456234
455575
448702
449742
449544
451356
447838
446493
455075
455912
449044
450987
448341
449309
453826
453537
455918
450922
456236
450723
448418
447312
453272
456187
450861
455039
454608
450097
445565
453681
456183
446635
455158
456546
453637
446758
451097
454586
456639
454678
456421
449913
457034
453052
447797
455034
451558
447826
449856
445481
455203
452949
448193
447259
453777
455798
454501
453971
450159
446091
451372
446039
452539
454805
455578
454854
453690
451579
446772
446523
455072
456630
451153
449060
455539
456361
447937
455404
455221
453568
446594
456590
456046
450214
448985
455919
452347
456809
451818
449412
453472
448401
452850
448671
454885
450383
445374
447357
445313
452019
450920
447071
452376
456279
448261
449205
457205
450767
445590
457101
456041
451521
454512
447253
452301
450388
456339
451631
456479
446703
445284
448627
444893
457353
451994
454288
451411
455822
455405
457319
452313
448262
449606
451226
450652
454181
446385
451544
454609
454581
453753
449409
456249
447498
457187
456059
454598
445244
446792
445380
448169
444997
456335
447373
448650
456227
447081
448344
447317
451498
453316
451891
455266
452658
445008
453078
456392
453192
457332
447891
450860
452719
454151
451001
449390
456776
449320
451653
455068
450519
448359
449410
457378
457318
454909
457255
452267
447560
449259
452123
449078
457279
456787
450593
454607
446869
451892
455019
452813
445585
445096
451832
447740
446690
453096
452568
455853
449656
447170
455313
452188
445421
447538
452768
446029
456464
447252
448601
450291
445371
455727
453230
446187
451956
445426
448332
453429
457224
452303
452919
448350
445126
456084
448058
448302
448279
447166
447147
449723
455328
447156
455412
447632
453938
452222
446127
451078
454444
452436
449673
455615
451108
455353
446096
454513
444982
455352
449473
454241
444965
447994
451261
447023
451746
453987
447205
453740
452475
457158
453873
445993
448293
450161
451301
457361
448772
447190
451588
453792
453756
455748
456569
450256
445737
456032
451525
454937
449637
456116
450896
450046
454378
450372
447926
449450
450201
445709
455725
448661
455914
455238
445091
454033
449714
448239
451400
448908
452129
453518
451637
450493
452168
445778
444902
454483
446073
451323
444953
447653
448812
446645
446056
455102
456777
456506
456556
450606
445299
450262
456715
446578
447656
451435
449306
451927
449963
448452
455475
452391
453793
449091
453716
444972
446917
453611
453861
446702
451473
454956
447637
447738
457346
453049
446684
450297
453060
451739
446019
451679
454324
449597
457220
446339
447002
445445
452601
453557
456357
449933
450260
451992
454633
448944
451877
446455
454669
447187
446814
445229
446300
449743
455599
451391
452392
456505
448438
446129
446384
451849
445194
454076
447567
449023
452537
452781
452825
445509
456564
452195
454725
445412
450579
451075
450838
452886
449752
446738
445827
455759
452942
449049
455763
455679
447168
449310
446999
450871
445589
452895
448030
457233
456231
449190
445901
453896
449351
455772
450015
448477
452111
456953
445343
454803
450724
450333
445885
452986
456163
456485
445994
447519
456475
456251
447311
454263
452038
450302
455838
453514
451814
448186
446311
451986
454537
454556
454107
450825
446950
457054
448329
454360
452653
457029
451474
450854
445676
451802
454539
446079
446145
452702
453904
446247
451035
455173
456996
445275
451249
450441
452266
452262
455928
456816
456754
446470
454672
451917
454893
457184
454312
449845
450828
446933
457064
450471
454259
455981
448337
456126
456039
449204
447257
456645
456135
449858
453512
450529
457098
447185
455330
452311
451908
450323
445898
454495
445168
453301
450746
449109
450759
447880
448590
450931
446560
454144
451609
449290
455355
449600
452974
451430
449972
452488
453071
447527
451590
448604
452296
446735
454449
451886
454129
456695
457333
450240
445415
450705
453327
452324
455461
454660
456346
446269
451451
453121
452463
451845
447248
451998
445541
446844
451598
456575
447551
448018
447801
448730
454438
454254
449092
453166
448909
450138
457239
447737
447850
452799
449833
451305
450580
450718
451333
448206
453951
446446
450586
455380
445979
456462
447106
450945
449379
451263
448523
446103
451741
454845
447476
456795
452723
455598
451332
448774
448645
448346
447427
454022
447100
450313
446421
451209
451359
446459
450832
445835
445984
456226
455664
445811
453509
453089
452616
444872
451296
447491
456551
452317
449699
447910
448377
453282
453269
454675
448039
453309
455527
450689
456431
455209
453113
445621
451158
446212
454390
447192
454077
456240
445796
446490
448524
450034
450265
454915
450561
452312
456790
456466
448471
453606
448336
446289
452926
456204
457219
451154
453726
454377
454255
454345
453491
454193
456484
453673
455104
449897
455865
445025
449840
456511
450452
450794
453635
448822
456524
446414
450595
455253
456254
445706
453270
456110
456789
452281
452366
449527
448561
447184
448750
446168
449335
448004
455622
445017
448894
448495
446994
450402
446190
448277
457273
448788
448073
447387
456263
448639
449761
447562
451581
447518
456543
456897
447504
454158
451137
454095
455048
452884
449779
454563
457311
451913
445498
447868
451971
453133
444936
453065
453691
445336
455015
452733
453587
451321
454204
457134
456394
450918
455893
453055
449250
445930
449444
447400
451441
446769
453320
444978
447812
452847
452334
447698
445805
445353
453103
453674
456188
453210
448866
450706
452099
457243
453265
449073
452378
446051
456534
451005
453495
450770
449886
450299
445510
450888
451684
450562
452127
453108
449422
454320
451057
445902
449243
449561
454426
448534
457100
447325
453145
455423
452210
453647
445714
453528
455932
457060
452348
452718
453687
448092
454558
455887
456547
448065
453721
446606
452745
449776
449081
445390
453349
452683
451112
456289
456528
451123
446845
456024
445443
446766
449110
454423
448091
450118
456651
456184
448432
448476
452982
448764
456136
446723
455885
451750
456814
450490
448404
450684
450983
453965
452950
452953
445221
452556
453223
449326
452397
449518
449802
449768
448408
449783
455351
452786
453814
447532
449063
448706
455491
446908
454121
457263
452811
451673
448744
451830
452877
450498
446197
452595
454452
445469
454654
445539
447094
451612
448501
452570
446010
447644
448313
449074
449439
451236
445034
450515
450583
451715
456861
450042
452270
455902
448749
446963
448133
456180
455937
456740
448172
456127
446786
447145
455820
446166
447672
451737
446095
444891
449819
449014
454185
452327
450946
448042
445731
449426
451861
455407
450152
453094
448325
450243
445370
454485
445100
445493
457006
453408
446886
448591
445262
450669
445289
456684
450409
448502
454862
449998
455424
450195
451399
446780
445776
449429
449620
447825
457007
445449
454093
454352
454128
448499
445393
446574
456886
446813
452731
452442
456344
449992
449274
450577
455508
450779
451816
456942
447480
457350
449591
450307
450950
455431
454219
449258
452698
446061
446569
447916
446394
452889
454634
446126
454399
449945
453232
448659
450104
450369
453377
445588
444907
447893
450464
451303
455689
450536
445525
450141
451012
448426
453380
457164
449446
448318
449542
457204
452248
449575
455403
444947
453324
453101
451120
454208
445220
457040
454767
447153
449841
450921
450686
454757
446377
450056
448670
450173
456677
449548
454140
456782
445377
454794
449039
457055
450633
452091
454653
450676
451390
450343
449251
451278
445777
446345
445860
448439
455003
454356
455980
446507
446378
450346
453985
452184
448441
453255
451911
456201
454991
455333
446599
451163
448035
456679
456559
453649
456411
449400
451069
456609
448396
445186
445344
452094
450568
453127
455047
457115
449691
453104
445001
453535
450713
453014
447158
447679
455014
455780
451310
452238
453992
446355
455504
448847
451133
447724
446492
454773
445021
451219
449679
451920
448295
454179
449122
453475
450047
445783
453834
445965
454926
449331
457345
456304
448987
455859
452535
451037
446450
455160
447014
450803
446418
455947
449180
453157
452098
454036
450989
450233
456050
445734
455649
451196
447682
450329
446473
450605
452295
449153
451322
448241
449520
446510
454731
455961
448902
455077
446898
446791
455525
454341
448083
454562
445499
455726
454907
445503
450535
457200
456468
453067
455379
456585
456997
450095
456718
449431
450585
449532
456156
450215
445319
448352
455854
455069
447322
453819
446326
447733
446618
452673
448757
455743
454210
454905
451942
453275
446211
449882
448227
445058
455949
456154
449298
446997
446292
455463
452507
456714
452978
445007
452162
455378
446434
450768
448114
455929
454330
445611
447845
454754
456196
452599
450673
455601
448660
452678
452121
447640
453418
451761
454997
449142
447618
452426
447990
447053
456383
451708
449354
455292
455814
452863
450716
446919
446159
449764
449719
445946
452100
451862
449084
454024
456158
451980
448107
454938
446621
446180
451139
456283
456497
450902
446174
450961
455921
445518
448244
455895
453720
456167
455325
450552
448296
449244
454730
455593
453791
453797
451185
451416
449809
451083
449835
452858
452783
445991
454154
453107
450912
448217
449745
454026
455570
451014
445011
448688
447368
453895
454083
455998
456712
451827
446673
445068
452867
446700
450741
455217
449386
445950
448836
452844
455646
446452
452022
454160
450937
451781
451126
448479
455683
457077
454566
448880
445768
453077
453022
455418
453940
454069
450905
447744
455511
455976
445356
445935
452151
452380
451988
453825
455801
457373
453912
457045
448391
455394
445516
445951
447290
451922
453315
454092
446371
456859
447660
445519
445470
455375
450305
451694
457351
455556
448682
452614
452613
450782
450893
452394
456635
449537
457056
456945
450973
453471
454868
448609
455930
450875
449359
455671
448511
455049
456262
457145
448271
454206
456992
445792
452981
447129
451740
450532
454788
447847
446242
453311
453448
451388
456542
455194
450181
455219
444864
448260
446516
448459
452831
456111
448466
454795
448420
456662
455995
451454
449912
446863
450643
455595
450446
453921
454247
452265
454047
447858
456456
456990
453846
452652
448737
446976
454504
446124
455806
448405
445399
449264
450891
446653
454646
455605
454028
447771
445078
457023
454231
451151
450883
454272
445016
450257
455686
446232
451491
448179
456910
457329
449308
451639
453748
455004
454995
456268
447256
448409
446893
452705
455986
457380
452177
455862
448926
445861
451496
455747
453188
454445
449894
451718
447558
445375
448376
450575
449501
449801
446939
444990
455132
445667
453042
455134
451721
445266
456875
456599
448655
445474
451348
446071
446098
450798
456434
451828
445922
455293
456023
450665
454994
455024
456500
445335
446799
452508
445619
456129
453668
451221
457075
450613
447759
456616
456209
454396
453425
454722
456303
445662
452244
456035
448272
457131
453415
455030
451502
454346
447612
444874
451773
448393
449716
449674
447807
447549
455760
454806
452203
448191
456628
456863
445648
445722
454624
446158
450430
450816
453176
450282
445492
450790
447669
446304
447780
453559
448234
446849
451790
452496
456016
447271
456333
445207
446829
446986
457159
454466
448983
451272
454921
447763
452416
455310
450694
452834
451751
449488
452166
452451
445858
456000
455327
456586
455095
446163
452432
455272
456522
454004
445013
445903
447747
457106
451622
447863
448623
454642
454508
454314
448932
452390
455131
450463
445247
453147
449846
453132
445681
456337
446764
451660
454358
454960
449437
452120
451906
451336
457323
447565
449088
444992
455847
457210
451833
454980
447181
456699
450082
454897
455714
452016
454262
456079
448351
446920
446442
447152
447220
449605
456929
453864
450748
446608
451093
446747
449399
447855
449196
453543
446461
448489
450639
451028
456345
451620
450135
453322
447231
451744
451869
452353
448767
448188
447198
454973
456706
445759
455698
452204
455528
457183
445121
449660
446644
454500
446860
452527
450820
448669
457364
448374
450065
455393
450999
455994
452592
446720
445626
449024
452167
451779
453820
454758
456927
450944
445900
452026
445472
448410
455025
445772
451471
446742
455993
455618
451997
451780
449526
446429
448649
451896
453168
446971
446437
446973
454518
452189
449630
448537
448199
449079
451067
451191
457020
452433
446271
446426
453164
456128
452414
447301
453838
453832
456899
446612
446001
453297
456601
455282
455036
446741
457048
448363
446264
447769
446522
454532
453567
445920
453470
447686
444887
450373
450769
455669
446914
456619
456281
456493
452725
452399
450696
444882
452892
445075
456009
452853
450644
453527
456800
450134
452646
455058
446749
452454
452983
448697
454920
445483
447938
452009
444894
454316
455218
456194
451277
445122
449672
450578
449870
446105
451937
455128
449487
445884
455709
454135
447814
454293
452125
454198
450325
451106
449953
447237
449791
456589
447658
454912
446743
445246
446011
451174
448330
451955
446198
451541
450069
451366
445477
446820
446734
457357
456720
452041
454081
452604
453181
448781
453960
455246
453991
446680
447472
449340
449062
448827
456939
452591
444946
456355
449506
447896
455967
451633
455771
453692
448844
449748
451918
445064
456217
450132
456745
450784
453584
452054
457250
452381
447227
446388
446707
447143
454432
446640
446711
455116
448751
456631
449787
446726
454813
453191
449504
449338
454072
454782
451118
453945
454221
457067
449208
455962
445291
455347
454321
457114
454276
445843
455813
455645
452967
449175
455500
451646
451531
451667
453406
446685
454953
452677
455296
452478
445397
450674
448240
446847
453930
449923
455421
449247
451455
450814
453627
454486
451292
451478
453850
446350
454267
447157
446576
455915
449826
449266
455017
447564
444866
447556
454836
454580
447078
446444
446120
448910
445919
445726
447028
455800
446054
454611
454493
452233
448833
456999
455767
447333
445062
452224
446428
446046
448851
453803
450662
456027
453293
455750
456618
453058
451290
449976
455770
451515
445142
449696
445725
444977
455697
453130
455086
455055
447091
448264
452566
450121
445754
457026
448976
454536
446897
448782
450766
446167
445583
445937
457126
457324
449893
448365
445384
453383
446531
455141
453015
449380
453531
453088
452163
456726
447394
446601
454619
454715
445856
451102
454439
446160
452255
447475
449739
453851
452552
454117
446922
448552
448956
450845
447441
449376
446681
448245
448290
452533
447473
451585
446625
455708
448875
451262
452331
449334
453233
447307
447179
455202
450123
452494
451783
448568
446072
455303
450531
453860
449905
451149
453389
451958
455532
456600
451019
457354
456380
447462
448970
456102
448613
449240
451113
451287
445641
454084
453262
449860
454516
453367
449176
449489
445973
447018
454603
453486
449587
451629
448007
453485
446629
451608
454816
445954
456274
456353
445267
455589
445338
452522
457035
449168
448326
455558
445250
449935
446210
455805
455768
454492
450641
448651
446363
456943
449765
445848
445124
446739
453888
448473
456783
452160
448937
448231
449994
454674
456253
451670
454890
447723
455551
451987
445471
454339
455428
456332
450699
444927
447646
446564
445019
451070
453011
455365
447232
449774
445609
450198
454553
449228
445531
450094
445175
445804
455089
454690
446956
449177
450103
445971
456959
456751
452699
456877
448582
446333
450043
452421
450710
446109
448620
446903
450880
452142
451778
449362
455183
445934
451811
456954
446085
451141
454530
454239
447460
455569
457268
453318
457033
446020
447673
454453
456813
451227
448943
449464
445157
445999
446165
453136
450231
446045
451798
448097
449059
451656
450951
449384
447866
448171
456077
454750
444913
450827
452427
448253
451871
454612
446937
450392
450378
449151
449981
453999
453189
449457
455035
455774
451144
449377
457021
449370
448596
446332
455479
451270
456519
444955
445671
446435
451560
452477
451295
448588
450740
455344
454739
453082
447792
454895
446901
455987
449230
457087
452182
453516
455120
452290
445041
453213
447310
448765
449185
454606
450435
447999
454101
449889
451216
449926
453231
456860
452890
447178
452337
448338
456013
451311
452798
445568
455531
455041
454792
453784
456453
451383
449254
448945
451876
446409
451726
452048
448951
447583
453235
455323
452757
446659
455115
449281
449954
452479
449357
449865
446383
453119
456107
450377
451649
449421
456709
445521
445129
453565
456941
446584
454369
446152
452739
449428
446951
449712
446546
445163
454304
451308
451130
445940
456467
445657
446962
447945
447287
457252
450029
446992
449385
451838
449608
444931
445056
452914
448862
452832
453024
451893
454188
445962
450128
446330
453774
447768
451732
455823
445486
448177
448813
452819
450508
450866
455007
454003
447713
447474
454385
454534
451693
455340
453571
447031
448618
448735
445347
447949
445230
445272
452214
447302
447226
453570
448952
445530
447734
451586
451243
453552
445154
448892
455837
449511
450932
453187
451874
450729
453258
453135
445653
446410
455670
447133
450468
451915
451018
453767
454529
447067
451329
455691
446579
448218
447484
453530
454939
446540
457246
446293
450394
448300
447003
457179
457089
447787
446364
456644
453582
445369
452654
446322
444991
450494
446006
447272
445164
449189
446325
454659
452903
447842
456329
446930
456109
452842
456478
454054
449499
453393
453937
457155
444895
446217
450005
447694
453670
455494
454364
452763
446993
449958
448635
456106
451782
456736
448019
457348
447746
456833
454596
448566
444929
451810
455211
446094
449647
445618
447431
453068
456944
449663
444943
457327
448442
455497
448201
453353
453338
446049
453426
445523
447914
445166
451764
444868
455376
445400
456579
448119
455390
452063
452511
457081
453362
452742
447393
456595
457368
452261
449466
445192
457384
445023
451537
451179
445386
456235
454200
450470
455123
450236
455101
446660
445228
451175
452927
449864
452180
451059
451981
448747
456988
447377
444957
449245
455561
446864
446433
447130
450267
446717
445348
452852
447456
455186
446691
448885
455216
445815
447541
453199
454944
452152
449631
446753
446266
450304
447419
445975
446638
451289
450567
449617
452143
451716
448694
447510
447464
447790
449837
453928
445464
451217
449827
453264
448390
448014
449736
454353
450456
446968
450030
451468
447760
454217
449709
454615
448378
454825
456918
445123
455196
455667
452246
448312
455712
450916
453351
451309
449932
446133
456034
454697
445871
447735
455711
446275
452445
454041
449706
446340
449653
448154
454783
453244
452135
447624
447072
454933
449755
453204
445447
455812
454010
455288
447109
448990
456491
453653
445717
455864
451376
456846
449438
451904
447635
449080
455924
448433
450064
449995
450145
454473
454331
449502
445409
451723
446848
450000
456137
448701
445855
448016
449965
455694
446107
448257
445196
455673
445407
446970
452564
454055
456678
446904
447238
454655
446834
450248
451907
450474
456315
452043
453354
448224
446314
446755
450357
456115
457297
454410
452650
446843
450959
457265
451013
446967
453545
447188
450947
445911
449887
446785
448923
446413
448612
455988
453334
450361
453175
450783
448304
446941
456621
450622
453576
446563
449922
452737
454867
449434
450754
457073
450168
452822
453632
451429
448957
449904
448422
450205
450917
446756
453128
452576
450559
451669
454340
452996
451898
447577
457083
455608
457355
452239
449766
450703
450778
447093
454705
445114
455029
445237
452028
446548
447228
453428
445218
450059
452472
456842
456195
457201
448916
446657
447171
452810
445398
448689
452211
451442
446527
456509
454048
456376
451864
451542
455844
456225
456087
447676
454671
453675
452958
450859
453208
453600
446744
447805
450894
447712
454388
445281
450970
444865
446861
451552
457094
453001
450831
453849
448051
456549
447930
449406
445939
452049
451116
450849
455341
445748
448918
444973
453211
444996
453634
452139
454987
448184
448641
448347
450196
451993
453112
447777
448915
447961
456224
454248
451680
446412
455092
450117
452945
455400
451574
452057
454190
449974
447328
451245
445305
452225
445205
456576
448830
456890
449226
447503
451034
453492
447224
451053
451689
450563
449182
448064
455251
446376
445165
454289
447414
455904
447922
455250
456391
453553
451213
451561
450022
450185
451135
453381
448563
444884
455023
449133
454957
456650
455230
447451
456363
448977
454632
448551
452727
451189
453091
456384
447956
456962
454975
457177
453090
453631
451152
448805
447623
456393
453402
456248
453050
448125
456060
451589
452837
456472
451044
451159
449191
455720
452709
446688
454650
453607
446918
451344
449668
452975
446034
450242
445612
454983
456071
445408
456928
454538
449194
452998
452437
452288
452562
450321
449795
449951
450230
446620
454871
445809
456829
457084
451269
452659
447539
445077
448901
445690
448215
451114
445084
448116
451853
448470
451420
446841
453030
448289
452540
450824
445316
454976
456132
451935
445279
451844
454515
449324
449125
453340
445134
455450
454647
455060
446086
454540
448589
447122
454587
455028
456175
452315
446113
455085
445775
449183
453420
454545
450276
446831
447236
455480
447275
456168
446415
454680
452777
453360
455009
452497
456205
449757
457257
450396
455430
457049
452045
454104
449578
450334
445198
451489
451300
453835
456503
449646
454883
450393
450942
455181
453770
454182
447657
453343
453534
449586
454852
445890
445381
447412
448683
445288
451418
446301
447954
456531
445753
449836
454481
456174
449498
453729
454141
452088
447408
451297
445099
445027
452711
456976
456094
449398
452524
445605
450821
455754
450873
455492
448355
444898
456993
453789
452190
451291
456130
447699
457241
454821
454349
452213
451557
446399
453622
446687
450604
455773
451556
449494
454243
453295
455000
444873
444903
447889
450683
446961
453764
445847
450119
445037
451628
452158
447338
449098
445739
448424
455121
453959
445601
455289
446881
450505
444912
457221
448680
452393
457222
454251
453620
455498
451259
453798
456247
455877
452554
450459
453044
454318
447728
449460
449212
445769
457167
447261
448854
455040
457173
451733
454244
449433
446000
445069
456165
445842
445728
446519
446125
450672
449770
452987
454406
455438
453688
455372
449725
448994
446441
446885
452636
452140
449467
451648
452206
446811
456844
451347
457208
455419
448850
449906
453781
447189
446248
452333
447986
445487
454941
452247
453621
446193
457211
449888
448691
447677
444960
456724
447856
454734
449931
449609
450855
453459
446256
453608
446573
452603
446361
453330
447571
452917
449872
449740
455954
449227
449811
447432
455135
445141
446317
447151
448714
446990
452643
452734
445764
449652
448153
457012
454273
455383
450439
452954
454861
452596
451266
449659
453950
454472
446972
456166
450751
447433
456242
456448
456144
451663
447705
448857
451730
446342
453738
449873
454443
448132
453599
457251
447888
446842
444983
454760
452372
454979
445144
446218
454954
452316
456665
451603
447592
446823
454230
445480
453976
450872
447012
445976
457347
456850
451943
449671
456916
457256
452033
455317
451758
444930
451945
450454
451647
447437
450366
457066
445458
448146
448740
457285
453841
457138
452134
454224
448321
454570
456007
453696
447060
447509
446630
452484
447113
457002
448562
454397
447553
449977
450943
455302
448846
453319
453877
453654
447438
447366
454116
455258
445130
446910
448005
457162
453922
456246
453828
452769
456925
454701
445555
453704
446505
452682
447821
449669
447280
449680
453253
447993
450521
444933
445366
452283
453237
446616
446149
446664
449430
456294
447507
447085
447715
449225
456873
453574
445195
451045
455136
446188
454470
457117
451946
445607
447331
455520
448013
446902
453710
450547
454737
444890
449020
453503
454156
456306
450542
452681
452406
454812
451688
454644
454446
447051
452227
452878
454484
448421
456598
455841
447488
450126
445020
445306
453185
450048
455304
449169
454300
453934
455382
453468
456892
448389
449599
446223
454184
445490
450283
446185
452256
453397
450952
453564
448963
446008
453905
454359
456979
456400
445465
452186
446745
451084
455473
455557
456272
457301
457046
456573
444966
445014
448403
446771
451443
450179
444999
452577
445257
449137
453021
450344
444862
457016
454145
456670
453887
451362
457182
445029
448758
450090
445864
455127
446067
454386
445223
446912
456675
454270
450812
456045
448679
449957
448540
447376
454814
444961
450868
453054
447585
449162
454223
456558
452851
454066
452656
456725
445199
448164
446577
447940
454175
445411
446980
454310
447700
457074
456324
451340
451652
450958
456404
450491
451373
451302
449211
454062
452003
452275
445665
454775
450280
452080
454791
456390
448163
445097
452685
452362
455241
448049
446206
455746
448140
451105
447033
453300
456006
453645
448246
448824
454490
456308
451678
447982
451235
456070
449807
447114
451274
446733
454799
454142
448709
454716
446870
451634
456889
452946
452008
446899
445793
451859
454541
447465
452408
454747
453916
448167
449658
449950
457096
446396
446925
447134
446928
453919
446100
446558
448884
445645
453004
448673
448198
452680
448647
447402
453750
445067
448275
450704
450182
445403
456327
445745
451857
452329
444899
449552
455371
450632
456257
445679
455481
448632
447608
453722
446038
448023
451722
453120
456746
455567
445785
452365
448033
454955
455628
451923
455070
453203
453884
446337
448964
446526
455534
453298
453961
449278
449975
452531
445385
445649
453216
449924
454714
450557
451368
457038
451205
451004
454461
450904
456427
453609
456766
449859
445066
448934
449495
450588
446634
450237
451548
453440
445684
453155
456100
456055
455336
447493
452944
446667
457365
448512
448256
449345
447240
449303
450180
452323
455144
448899
453795
453684
456676
454008
452071
455416
455910
453780
452829
455971
449654
445540
449594
456348
453879
454575
449944
447675
455490
449581
452805
454657
446953
452065
453087
447209
447762
452756
455408
451060
453929
449639
453457
453308
448941
453053
450737
449946
451813
455005
447172
448617
449816
447829
446797
452960
451495
450020
452062
449041
447064
451380
450885
445235
450217
453652
449786
449529
453618
445489
452192
454765
448158
456934
454242
449305
455560
445259
445325
447748
448054
451894
455972
448643
452536
454872
457080
450994
453371
447929
450036
448027
451969
452962
451808
457262
450052
455362
445467
449021
451425
449781
451387
449391
453988
445507
450089
447352
455361
445425
452963
455855
450929
453285
453918
446934
446285
445747
451929
448063
446280
451951
455227
447622
454357
449297
450367
447872
453515
456356
446018
456036
451654
447485
452483
446172
446313
455870
453910
452516
454917
455425
452083
452183
451246
449452
452107
454344
452752
456710
447925
447167
454819
447927
446053
452619
455974
449118
453194
456402
447512
446909
454548
449065
453274
451912
455433
448354
453958
445964
445153
451765
455195
453477
456987
454774
451056
449503
448713
456713
454407
449200
450998
455373
450618
449358
450220
450317
453373
445906
456797
448530
447374
452843
452758
450477
449046
450680
447406
445350
451049
447207
445048
450158
455434
445187
449293
452075
450874
454169
454526
450266
451003
449416
451990
453914
446369
453205
455957
445254
446643
448252
451594
453942
445436
445535
454391
454347
447339
450190
455890
450657
445569
448925
450115
453995
452491
452358
447445
450390
456723
454618
445150
448050
455537
450503
452036
453445
455797
455147
446478
450226
456690
452046
449470
445851
448103
457085
455338
448634
449393
456686
456474
450909
446303
451460
455452
450008
450772
456372
447450
445678
446121
448210
446767
454777
452047
452354
456981
456146
457037
450010
457172
446101
455889
446781
455090
448165
452345
457057
446998
450915
457071
452501
448914
456838
451094
450930
457202
455369
450497
452082
454070
448574
450418
456764
452649
453972
450365
451565
446082
449061
454499
456964
455406
445240
455906
447887
445938
452992
447063
453762
448913
446387
446511
456366
454402
446354
451687
444924
450627
453483
449396
448864
450526
456864
451805
449760
448168
449262
451842
455306
456858
453713
453817
451413
455512
444885
451254
450351
445520
447602
446477
452970
452971
453248
455295
447159
450213
448953
452644
451682
445606
456908
450327
456012
452662
448226
452523
453754
446111
447388
453744
449493
450129
452545
452973
449129
447830
457197
451424
455278
446195
448675
453788
451447
449387
449148
456571
454900
450551
455996
450516
455168
450774
453853
453761
447183
446036
451551
450856
450098
445053
445891
449777
451461
445367
446856
454114
452900
445632
450839
449633
447953
453433
455171
455188
452947
451950
445182
451026
445300
456643
452102
457216
456134
449991
456379
456172
457369
452868
447897
445921
450602
448419
451989
455503
452424
451423
446501
454531
454389
457014
449733
449539
452885
455449
452864
457269
456487
450509
450506
445387
456239
456458
448216
455876
456818
450251
451707
452502
451038
451258
450318
449287
449276
453605
456092
449579
455105
445255
457061
453186
451225
449623
453837
454597
445115
446430
453709
451051
454869
448024
448615
446802
457306
456530
453376
453386
450408
451170
450142
449222
457290
448450
454949
449952
452061
457009
455220
450093
457352
450630
446911
452714
449918
456984
456681
451940
450105
446089
446913
448121
453538
452058
452377
445158
447817
449372
454380
451115
453344
456883
449708
449382
451868
452979
453665
446562
445450
452367
446457
446698
455145
449729
456812
447337
449397
449683
454395
453337
451077
447471
452066
447075
457296
456839
454755
456895
456287
452841
449854
456673
447883
453885
454202
453395
454306
455702
446784
447966
456510
456048
453519
449523
456572
456494
451501
445308
456271
447574
457366
455237
455651
447659
454692
452836
444901
446787
455037
448427
456532
446718
453359
445133
447457
456763
448869
449475
451027
455765
455094
451685
447212
450884
445738
452913
448619
449613
452664
448015
446347
457178
448712
450941
449644
451519
454614
451286
448145
451342
450003
450139
452383
450711
453541
455600
446675
450543
449483
446431
455935
455945
446077
455555
453034
454853
451234
445927
454842
445135
445149
449823
455672
455926
446204
445727
455637
447201
454487
453357
453100
447013
455201
453736
453033
457144
456215
446943
448548
453106
454327
447162
456704
454313
456389
452110
456014
454940
455559
445704
447026
455174
454844
449616
449482
456608
454311
447767
449884
456105
447029
453180
456633
445318
453489
454738
449844
454668
448739
445837
453588
451434
448967
452634
455610
450597
455451
446250
453144
455399
445797
447628
452606
446800
453936
450252
450203
446122
452174
456826
452149
455872
452812
451265
445624
456096
446380
450527
452441
451705
453966
446259
456659
455604
448385
452357
447849
446078
447610
444958
456408
453250
455964
450303
446991
457004
453056
447960
452749
455093
448759
448681
447429
448235
449270
446807
451313
448625
455834
447483
454717
456555
451513
454827
450722
457223
453220
451449
449985
457110
445755
455176
448089
450675
450051
444967
455784
452401
450514
453913
456602
453723
451229
454291
446358
445779
451888
452897
449531
445987
453735
454796
451349
449008
456245
451559
455923
454986
453465
457295
445222
448037
454610
448917
447092
451138
457217
451298
456995
450835
445573
447604
452641
456305
448538
455155
451518
452854
454025
452350
445551
456885
446315
451966
447521
447330
448148
452374
449360
451031
444993
456221
450792
456817
446305
447587
456629
452293
454838
444994
457088
453099
447514
446469
454334
456857
446816
449569
455465
446567
454863
447058
448602
450886
448415
456423
446916
447396
453224
454948
453084
448282
445287
452208
450068
446356
454405
450398
447449
453124
448638
448461
447077
455225
450277
445651
454211
450084
449651
455804
454911
456422
451899
455414
447969
448487
453238
454006
450289
451233
453747
450285
450623
452254
454131
449522
456915
454480
448009
451681
452400
446586
451492
445032
453836
449107
448831
445273
455888
453345
454284
450800
455108
452808
444932
453935
455662
447782
449731
454985
447247
449381
449383
445914
449031
450247
445277
456544
448182
445924
447448
451021
450693
447864
445918
446219
448593
446027
456138
445524
455462
446553
444889
453625
445627
446818
446427
451526
453029
451273
448096
447281
455843
447037
457360
451881
451119
452089
455386
452586
452593
446391
452684
445309
448873
451299
454203
450204
446258
455811
447870
447680
448200
456672
456501
452995
449885
455252
454910
445102
451253
448242
445629
446373
452279
456082
447459
457082
445061
452910
456454
447666
456020
450427
453414
453544
445388
454616
445162
451369
457229
453165
448581
457276
451142
449780
456452
445333
447117
449799
449095
454366
447667
449353
453317
456199
454411
447421
446538
446662
453859
452988
450419
447382
446209
449955
446026
455722
446479
448823
456550
445765
446135
450889
450826
455634
447517
456972
447369
448997
448448
445582
454032
456613
447039
449220
451576
446727
449179
455696
452818
449329
454963
452517
453899
455044
448328
455243
445711
456189
445670
452231
446924
452515
454822
450140
455286
454785
456689
454404
454027
451339
453254
445735
447761
447144
453387
455513
454914
455900
452800
445184
445859
455387
456292
456584
449349
451458
447919
446878
445949
451932
455946
449614
445658
452001
454436
448447
450940
453805
457377
445181
445161
446494
456321
446017
454338
454781
451774
452696
448668
449199
454579
454440
445889
445440
445252
445604
455717
445548
456203
449553
456269
454258
448703
451396
451375
446076
445283
447424
447074
448316
448506
450250
452879
456028
451803
448500
445439
451353
449727
447506
456753
448025
454930
451806
456202
453902
446880
453957
452122
456654
455737
452760
454232
447620
445231
453808
448416
447642
455191
450391
455999
451644
455733
445060
456960
453763
447984
455574
445770
447918
445239
452023
450781
454425
449509
455732
449720
445781
454950
456970
452124
447900
451796
453123
446805
457119
452816
456661
452824
456066
452172
453661
454113
451630
450133
454555
448255
453640
445958
457281
456853
454133
454641
456057
455723
448366
452797
448288
449477
454403
447652
446874
451599
448357
446615
448577
454000
457122
454234
456284
457108
451382
445512
447839
448306
452052
446083
449516
451172
456541
450677
450264
454023
446233
453163
454972
447300
447223
448457
445410
454636
452299
446946
445151
448203
447548
448388
449818
449861
450165
449682
445688
451991
445010
451157
450206
448196
453679
451330
451465
449567
445944
457314
453994
448975
452961
452955
448287
451577
449145
446474
446228
448793
455162
449688
455886
448446
456655
456658
451882
446043
452137
452027
456490
450146
452584
454745
449773
446140
450199
445074
451314
446636
454043
447702
455879
455766
451826
446778
450499
453698
454417
446503
449166
447283
447997
456001
453271
452525
448055
448031
454014
453776
454808
449279
444988
444870
455265
447670
451856
456097
446611
446572
445703
453862
449831
450412
450075
449214
446665
447249
448370
448382
455235
457320
455179
452611
456265
454065
454138
456318
452020
454916
456178
457116
448636
457337
453012
448572
449528
448541
453596
456878
455542
448549
456879
446921
453302
455790
445107
451201
452025
453352
446171
457118
447581
445138
452200
456038
456596
453007
446392
455849
451528
449249
447730
453759
457198
450802
447901
445538
447326
449908
446157
445303
454285
452068
450076
452670
448840
455415
452594
445854
448745
447291
448936
449436
452631
445580
449728
457022
446436
451505
457150
453778
449857
447279
454491
448510
446116
449314
450040
456888
448229
453689
453323
456143
448573
450287
447243
451210
448265
450571
446491
454770
452965
454779
447345
447481
451949
448855
450681
453604
446862
450660
450476
448340
448205
451799
450624
451865
448968
449867
455661
457161
445188
447664
446746
450011
453151
452229
455322
448726
451197
454295
455275
448237
454368
451823
447233
451704
453730
455420
453080
453593
448507
455050
456141
449423
456701
450702
447024
453578
445373
456627
452037
449192
446236
448173
453682
454918
455435
453979
454689
447661
455625
445798
449440
448514
445212
445473
454771
453480
448933
446929
454886
445841
451490
451800
454667
448724
452234
455499
448519
451664
454249
446044
446081
449968
450061
452622
448753
452084
445363
446389
448872
450353
447931
454174
446468
457259
447605
456982
448291
452485
451858
454374
453968
450985
455616
452237
451128
446889
454726
448921
450870
455580
447340
445072
447803
456085
448160
445497
457166
447599
454398
457036
455678
449209
448161
448250
452136
456108
456388
454837
457086
453026
456680
445203
455652
455326
445089
447416
446102
448180
454431
455287
450416
457062
452169
450354
450667
453139
452194
449796
450690
456120
447306
456206
453563
455255
456615
445853
454299
455868
448542
453493
451475
454030
448276
451352
445292
446876
453268
454343
453532
455046
454847
455582
451206
449327
448190
445813
445733
452663
449877
453307
448117
454125
453511
454807
447206
456331
454381
449158
452212
448525
445484
455308
454661
456424
456781
454458
445036
452583
446366
448789
446730
455809
454884
446748
453392
452269
447575
447142
451033
449513
455137
453648
449939
446327
451619
456553
452013
450124
447196
449896
447282
450428
448798
448531
446547
453894
454829
455236
450953
454275
450245
452106
453018
451696
450678
450522
449156
452794
452310
454719
445009
455002
446119
453450
445004
453046
444976
453172
452370
449304
455892
452407
457091
448222
454075
451178
450654
448494
453868
450186
452007
451192
453878
449970
455939
454958
450864
452675
445311
454623
446536
447781
449698
447631
447511
448832
455519
452791
449949
447636
446513
446235
456133
446798
454568
455545
452335
449068
447520
445357
445682
449534
453039
456438
453583
449793
452503
455857
455187
450216
453267
454584
448486
455884
450370
456164
446613
447411
454687
447853
450045
454013
452795
450025
448763
455142
449484
447533
451878
452519
455614
449664
449271
455026
450324
447827
448667
450384
450664
453246
456142
454594
454736
447941
454561
451099
455472
456758
452273
457339
448395
448728
452268
453581
448343
446554
449911
445533
456310
451658
449389
447463
445106
456486
448360
454708
448104
451522
454497
446728
454551
452499
452785
452319
448677
449322
456459
448754
447030
451536
457052
447971
450012
448263
445475
454830
452638
455079
448394
454474
456320
453886
450278
447796
450974
447627
454090
448575
446892
446485
454652
455666
447816
454375
449838
449701
446170
451711
456358
455735
453707
445803
455192
456264
453142
447851
454120
453474
455701
455586
456872
456182
447191
445197
448878
452534
455436
451378
456021
446890
448136
451466
445057
446697
449490
445120
454798
449392
451604
449235
453421
455758
455197
451640
450697
455544
456796
452935
456914
457019
445661
448375
447860
451006
451125
452571
451008
455660
447852
448518
448090
456277
445502
449265
456848
445217
452788
445822
452929
447970
447643
452559
453779
449155
448109
449909
447425
450936
446883
447148
455866
450822
445933
451769
449150
447399
447776
445834
452803
449689
454102
451438
452581
450924
456219
451417
455459
451804
449126
452856
453242
455975
445978
453633
457287
447743
451889
447422
449849
446162
445784
454371
449301
450786
452772
447885
445960
454543
446346
445040
455713
455226
447204
444989
445980
454780
445740
455133
452363
445271
454666
445329
446535
446153
450700
453066
453870
455523
453020
446655
455273
453573
449705
457236
452385
456342
446524
455799
446208
446400
448626
449815
446571
450099
454720
450971
445566
454522
446302
448170
452735
455320
445689
454354
450615
448786
449193
447965
454468
455983
448529
449435
455067
453394
453490
456806
456426
447041
446374
453663
454878
451533
448202
449337
448993
457313
447401
449330
446224
447731
452715
452809
445258
452907
445046
446058
450337
452909
455157
447202
454817
445669
451593
451926
455139
450997
445174
449636
456058
455231
452126
445823
446397
444949
451385
447127
446403
449332
450913
450554
455815
451022
450601
453059
446405
447495
451160
451428
446940
445905
451020
454505
453016
450939
451791
455337
445276
454962
447019
456705
450314
448597
454590
451061
452775
449576
449186
448646
450331
452493
447404
448554
454546
450228
450739
451848
447262
448599
450977
450096
450656
453184
449361
453737
456605
454430
451017
453482
455745
445416
445637
452580
448079
456603
450156
452304
450607
452729
449218
453252
445285
445710
456868
453724
447808
452040
452257
455721
446595
450789
453948
448138
456893
455546
453369
449415
454494
446701
455905
451081
451921
449969
449555
451729
457068
453143
449805
445079
450151
451472
454846
456286
456197
447944
452657
445236
447467
455013
456425
450131
445365
454342
452693
456170
446318
448664
456336
445802
450907
450967
450021
450239
448052
456288
451048
445402
449572
447435
450175
456037
454527
453920
445787
448189
454996
455775
450466
454215
446752
451964
453075
451231
455172
453286
447924
452325
453925
454585
455391
449311
456933
448048
451410
457235
456030
456834
453811
452004
455738
453027
453452
452278
452918
448608
457099
457381
451176
445730
447154
454931
446721
456836
451207
448684
449690
451508
455332
450415
454475
452236
456975
455042
446251
449573
453598
455896
454855
447025
453732
446762
450948
452468
452875
445395
453990
452242
447274
448273
450734
450006
454951
454635
453467
452721
446830
456570
455294
454643
446706
451752
451448
453416
446696
456778
452072
448147
450797
451276
447651
455170
451007
456523
446712
451789
454108
456319
445337
450432
446282
446593
449272
454171
447895
447349
456099
451282
456026
445824
451713
453734
445038
456561
449159
455260
448425
447083
450172
445148
444904
451852
446821
449648
454463
456153
445328
449292
449172
452598
457133
452538
451897
448962
452320
452724
450730
455827
457330
451748
449959
456594
457163
454865
449043
454264
453523
452090
455538
448118
452326
456395
454252
455685
446367
452899
451421
445225
451036
453256
452170
451408
452555
453266
446368
455114
456794
448455
450760
452157
450589
452674
448243
452085
455370
453037
445750
456815
447714
451692
446825
455309
450966
447729
447774
448536
448861
445359
447844
453998
445947
447892
453612
446261
448454
445691
450611
450429
449070
454447
450720
451959
456223
452529
455742
452338
455650
457170
455925
445321
449635
453617
446156
445952
447105
448718
451122
453667
454376
455466
457299
447913
453447
454704
455787
451220
456805
457149
456698
448003
452395
456727
447175
445656
449937
447668
445693
449491
453685
446438
452840
457267
455606
449925
450188
447977
447389
449582
453741
453043
448001
455543
453911
454982
452108
446186
453694
445687
448207
449167
448269
456396
448938
451480
448038
455280
447087
451972
447688
448383
456117
445052
450275
451354
448334
445030
450035
447200
445513
456738
445977
452209
455271
446148
456683
454153
450002
456119
450651
453209
452014
452530
454793
454143
455276
449855
449996
448598
455541
448349
453643
455903
452894
451934
449792
452687
454409
457234
452767
448547
448348
453432
450982
452228
452814
449459
451173
449328
456567
450162
453294
447035
456869
456638
454882
446297
456259
450833
448624
452002
449136
448696
455368
456378
450295
453063
445047
457093
451866
450296
455343
453329
453207
449756
446022
451999
455989
456461
447534
448839
450241
456854
453228
450659
447108
452050
446783
452030
445452
451763
456949
452155
454511
448662
445969
445774
453062
451938
455602
451745
446858
455624
449880
445031
445392
446244
446064
445147
453526
457237
451166
449025
456734
448436
454150
455411
456232
454712
445431
445200
447584
445616
450906
449479
454742
452648
450106
447613
455239
456011
455633
456696
455623
456399
451015
453658
447710
450157
453524
456647
445917
449197
455579
444910
445314
450744
457180
455644
453852
457240
445826
453481
452175
447818
448640
456587
454074
445866
451086
452165
445253
457011
445543
455151
456703
445323
453812
449980
452258
452021
451759
451079
448128
450788
457047
447065
451611
448809
457000
453782
445176
454685
448112
448777
449058
452876
455621
452567
450801
448838
450927
454419
445307
452349
445105
453260
447508
453497
445083
450975
447211
457043
453409
450261
453214
453742
456931
446021
451636
446202
457090
455167
450867
449112
452171
449967
445080
445451
446996
455757
452064
456780
452461
454161
450596
453346
446850
455103
454762
451727
447110
451683
451626
445878
448825
455781
445559
455485
453290
456626
447239
455454
456017
456884
446725
454435
457143
447266
449082
450637
454218
450221
445171
453505
450062
452458
454565
447095
453040
453783
454766
453712
445757
453773
445746
454094
445608
445000
445926
448492
449261
448462
451674
454073
446879
449035
454355
445536
453479
454292
449852
455535
452869
452460
448614
456432
449903
446033
453556
447802
446859
447578
453941
446201
452617
452187
457032
446732
448208
456496
450558
452741
447783
456360
451676
452547
453702
450219
447540
453131
457218
449710
447466
449747
452793
456930
456604
453550
455277
446040
455417
450083
449234
450475
451237
446839
448423
446243
447407
454859
454301
447691
446278
445209
447650
445967
448756
450177
456460
446866
450513
453162
451512
445992
450016
446975
455223
454127
452620
457258
455507
452289
450480
453639
453926
446927
446809
456632
452999
454196
445330
455242
452159
448605
446714
454981
449565
457282
446588
452951
452923
446080
447756
445515
455018
456535
457139
449448
456412
455524
456961
449367
448219
457374
445614
451469
448071
447358
450935
451479
454281
449004
447221
454698
451975
448743
447654
450194
447499
448123
455247
446565
451406
448060
454079
446508
455690
447008
453989
455656
451370
456299
454645
456445
449017
444987
450811
449505
449497
450853
452292
454478
454329
449825
452609
457154
448220
453276
449603
451343
447121
457344
450815
450080
445763
452569
452746
449650
453893
449395
449721
447225
446447
449037
455825
448633
446765
451271
451690
451080
456769
448267
447529
448939
447898
448305
455816
454011
445602
445760
451150
452226
450698
445928
453595
454059
452440
451944
451412
456828
447180
445686
455942
455488
445908
445049
449734
450348
447136
452770
449232
447906
449843
456446
456707
454496
447531
453494
448406
448560
456517
453610
447758
450501
454573
449510
455177
449134
457127
447104
453855
445265
450610
446815
452968
450288
448431
450978
447837
451103
456488
448120
451516
450692
450830
445592
446900
454246
451887
450088
455163
449662
449546
453969
456657
454051
451632
452655
450254
450648
448238
450270
451052
452563
449890
450170
445623
449797
447126
453615
446872
455244
456118
457305
455744
456061
447820
450210
446692
449750
446179
452579
448622
456762
455483
453129
445364
453436
452086
452934
454085
452976
447595
456837
455597
445907
448319
457325
453249
453786
455233
451398
448178
447418
447992
457343
451381
454067
445943
455057
455821
449830
449203
445554
456994
445132
448690
454018
450753
448437
450646
456022
445312
456370
451180
453032
446722
454303
455207
454382
452972
447436
445867
453630
449812
449806
445880
445304
451405
446882
448707
445216
457024
457278
446379
451047
448801
456123
455571
446989
444919
450603
447755
453867
451703
449592
455081
454741
456328
449315
454222
454351
445698
445718
455951
451211
455788
453580
446052
453446
445692
456772
457188
451578
451224
448586
445113
445296
446263
450712
452801
456169
450752
454337
455493
456649
455911
456682
455783
447090
454163
449108
457135
448829
455080
450819
455257
454421
454629
448821
446654
449871
456902
454245
453413
446104
451415
448333
447695
453678
453278
456788
453909
446016
450631
444875
453907
451601
456614
449325
454057
447155
451110
456593
457152
451215
451147
455955
448248
445293
450846
450255
457001
457302
455487
457293
444998
452506
445562
445494
455530
455829
448379
445736
455284
445713
446988
449052
446423
454778
455109
448503
450517
452181
456252
453644
446041
446013
446295
446260
451360
451054
451493
445429
453746
454315
444915
444995
452820
451073
454811
452150
450621
446416
452720
453939
456582
446648
453239
452880
447665
447681
453115
455699
448897
454894
455240
444916
455681
457379
449161
456905
448528
454482
452776
445932
454802
449202
456548
456641
455762
447725
447566
446090
450403
456870
451543
456222
451065
454959
450342
455731
452835
456407
447663
450634
452055
452893
452382
454945
445145
455189
453854
448734
452932
448610
452521
449820
446471
446445
445846
445833
446007
447545
457044
447469
450174
457041
450309
456362
447038
451875
448895
446677
447174
453028
457069
446626
449432
455807
450223
454864
447048
445957
456623
454416
451148
445766
450844
454119
454454
450972
447711
456230
446037
449814
450570
457148
446287
454729
449666
453288
452141
447210
452199
451903
453703
445886
456068
445118
455281
453476
448026
445214
445877
451728
451488
448213
446947
454157
445685
455098
445460
449248
444869
452339
449056
451072
452849
445167
453222
454946
457165
445263
451936
447822
451414
455087
455724
456159
447165
453125
448695
451162
450981
449883
449011
447649
456371
448301
455471
450482
446390
445652
451395
449550
453558
452828
456463
448469
445111
451168
446443
454325
450755
449940
451837
447619
453701
453840
453198
446602
455200
455398
455232
445966
447096
451304
451328
453374
454007
446676
446357
444911
454147
448259
455156
456124
445441
454348
452387
448314
454711
450910
453529
446520
446668
453508
451029
450537
454710
446115
452415
449010
447881
450823
446279
446530
448984
456237
453847
447923
455953
448711
448036
449124
456958
447022
454877
448417
445547
451731
450235
456498
451725
454506
446240
455110
455940
447101
450954
447250
445050
450955
454789
456554
454308
455045
456296
452116
453160
454964
455688
445925
447648
454524
451316
454663
450085
452384
445035
449711
445876
446270
445581
451546
449618
451834
454841
448876
456951
455680
445351
456471
445694
455345
446348
445298
451066
456043
449363
451540
451661
449715
444986
451539
456063
446541
454875
449215
445070
446628
451009
449697
450183
452291
446137
451183
451617
452931
448700
457104
451136
449828
454189
452133
450038
452006
447076
445996
446550
446321
455299
455429
450274
457137
447543
451445
452447
448159
455154
448322
454476
453174
450858
451706
445634
453206
445561
449979
453715
453154
449878
453150
445563
456732
447552
455117
447572
449054
453364
456971
446143
457175
453019
455413
457341
450144
452455
455850
452645
451793
452541
447327
454637
455125
455603
445560
447353
447576
455073
453659
454519
453554
456295
454187
446093
454858
452969
450714
447775
451325
445491
452417
446106
445697
445767
456940
452240
452672
445948
449615
454521
446123
447336
