9355460
9359484
9353048
9358597
9356420
9359311
9353910
9358596
9352409
9351743
9357330
9355211
9358105
9354170
9359604
9354236
9352085
9357831
9359729
9352412
9357461
9354461
9353882
9352999
9359419
9358768
9353147
9356847
9351982
9357154
9353529
9353378
9354877
9353856
9352184
9359638
9354956
9359168
9354280
9356662
9352479
9355699
9353015
9359259
9353382
9352007
9356016
9355396
9357467
9355557
9358475
9355094
9357081
9356497
9358073
9357644
9352514
9359812
9353990
9354549
9356015
9354401
9355505
9354466
9359533
9351790
9351988
9354938
9357373
9356152
9352332
9355721
9357806
9352635
9358630
9359731
9355844
9358848
9353256
9351818
9352145
9357706
9352041
9357966
9359813
9352987
9359160
9357017
9353366
9352410
9355485
9357863
9359820
9355958
9359650
9357793
9355217
9354072
9354752
9358642
9357977
9355181
9356891
9353860
9357891
9351970
9353543
9354324
9353396
9357415
9359547
9357214
9359249
9351721
9354855
9356381
9359482
9359082
9358902
9357376
9359221
9359756
9355022
9357953
9359176
9359159
9353358
9352809
9352810
9355932
9352365
9353838
9353498
9354197
9353844
9357296
9353996
9356763
9358592
9352503
9353722
9358235
9358769
9358913
9357788
9352397
9353949
9352044
9358411
9354501
9355976
9351929
9356686
9357465
9354557
9356065
9352237
9356873
9359829
9353053
9358692
9356646
9355969
9358565
9355185
9357352
9356424
9358893
9357306
9353606
9353484
9359366
9358318
9358347
9356939
9355507
9352794
9358664
9352327
9359595
9355418
9356867
9354193
9359329
9355534
9358508
9358394
9358932
9358032
9353618
9353115
9354322
9356119
9358761
9358183
9354245
9352835
9355604
9354602
9353621
9352989
9353030
9359053
9351906
9357039
9354264
9357807
9358634
9356727
9357482
9357449
9357389
9354289
9357575
9359043
9358745
9355008
9359385
9358527
9352735
9357895
9354420
9352203
9358550
9351981
9353836
9357688
9351869
9355588
9352720
9358657
9356906
9354651
9353171
9355414
9356438
9359788
9356501
9359783
9353501
9359396
9354304
9352104
9356838
9353897
9355853
9355228
9353280
9353441
9357729
9354634
9353597
9351951
9353853
9352391
9358793
9359733
9359412
9359065
9359019
9357126
9355902
9354788
9354349
9355734
9358116
9353720
9351888
9355238
9354288
9353615
9352526
9353780
9359147
9356404
9359538
9357191
9353791
9353660
9356835
9355629
9354141
9358980
9358812
9352717
9355410
9355889
9352957
9357251
9351690
9358907
9353457
9354108
9355600
9353731
9353526
9354683
9352892
9353694
9353535
9356180
9353858
9353690
9359344
9356423
9357972
9354340
9358337
9356382
9355371
9358372
9355062
9353278
9353991
9351879
9353728
9356458
9355856
9352127
9358920
9359726
9358507
9355731
9358211
9357176
9357928
9359446
9357076
9352376
9355004
9357182
9355519
9357897
9359843
9356798
9352231
9355530
9354567
9357079
9352051
9358622
9355988
9358493
9353146
9351734
9356510
9356130
9353347
9352249
9355086
9352456
9357120
9354676
9359754
9354489
9355789
9354786
9356389
9354314
9352733
9353069
9359845
9357821
9356384
9358772
9351784
9353097
9355686
9352533
9358753
9352222
9351709
9355716
9355875
9351793
9355285
9357589
9353604
9352370
9355543
9353288
9356818
9355074
9355100
9355622
9355268
9356687
9352124
9356018
9354757
9353656
9356600
9359418
9352487
9354980
9357562
9358540
9356094
9354899
9353187
9359423
9357335
9352266
9356925
9355271
9355139
9357718
9358693
9355031
9358533
9358964
9359104
9353479
9352191
9359237
9356593
9357558
9354403
9351895
9352201
9354586
9357103
9352337
9358046
9357646
9356705
9351933
9353623
9355016
9359353
9354306
9353664
9352223
9358543
9354256
9355337
9351999
9355718
9356938
9354878
9352368
9358827
9356809
9354734
9356882
9352834
9355770
9355482
9358144
9355247
9357569
9352625
9355713
9353298
9359222
9357462
9354005
9354686
9358481
9356327
9357546
9353414
9351705
9352432
9353995
9358430
9357578
9351937
9358857
9359116
9354751
9357614
9357196
9355291
9357805
9353974
9357937
9358567
9359055
9357531
9352048
9352681
9353940
9356831
9354978
9354320
9359831
9354191
9355405
9355448
9357288
9356151
9355413
9357143
9352389
9351814
9357037
9357862
9354007
9353492
9357019
9357573
9357885
9359523
9357623
9353365
9353094
9357890
9351693
9356316
9356379
9357391
9354202
9359824
9354771
9357285
9356247
9355906
9356435
9356972
9353627
9356109
9352320
9352949
9355642
9355103
9352789
9357004
9356474
9352427
9353439
9356069
9358573
9352838
9357996
9359095
9359585
9351961
9353170
9352452
9352723
9359516
9352173
9354116
9351736
9356894
9355209
9359105
9357843
9356901
9358241
9352722
9357926
9358658
9356984
9359076
9358682
9355376
9359283
9358343
9352862
9358806
9352271
9357425
9356461
9356789
9356150
9357225
9351686
9354417
9355080
9355282
9356535
9356622
9355673
9355616
9352730
9353167
9354326
9355939
9358829
9358562
9359847
9359709
9356357
9354179
9351885
9359075
9359363
9356633
9354616
9356245
9359601
9358380
9357874
9359708
9358184
9356388
9354838
9358844
9358478
9356082
9352277
9356295
9352677
9358786
9359449
9358655
9352180
9356427
9354753
9357344
9354846
9359101
9354476
9351673
9358159
9358037
9358258
9352146
9354040
9353843
9356265
9353884
9353322
9355183
9355246
9357498
9353103
9359628
9352009
9356051
9353197
9353033
9358542
9356241
9352142
9355011
9354157
9351876
9351760
9353027
9354746
9353957
9359401
9356462
9359490
9356286
9358605
9355576
9358791
9354332
9358650
9354624
9356194
9356310
9356494
9359169
9355358
9358811
9352832
9353891
9359132
9351772
9355082
9358586
9357889
9352567
9354440
9352736
9354231
9356089
9357657
9359106
9354880
9354412
9354307
9357829
9357029
9358190
9357700
9356930
9353129
9358612
9354445
9355258
9359755
9357388
9354533
9358566
9353042
9356182
9354989
9354969
9352795
9353186
9352888
9351957
9355326
9359517
9355784
9355138
9357268
9355767
9359522
9358678
9357634
9353598
9356825
9352502
9354388
9352959
9359653
9354606
9353202
9356046
9355002
9358498
9355907
9353308
9352217
9356909
9355521
9355166
9359504
9354876
9352290
9355052
9351873
9358760
9353024
9353225
9356654
9353420
9357337
9358568
9356147
9356872
9358114
9355444
9354008
9357579
9357669
9352029
9352261
9353257
9359251
9352060
9358269
9356023
9352038
9355744
9358352
9356605
9358957
9354972
9356546
9356096
9353151
9358611
9353415
9355476
9358220
9357008
9355643
9353851
9355294
9354988
9359098
9357987
9356448
9356792
9358554
9356227
9352911
9351902
9357842
9356582
9358349
9354092
9354674
9354262
9354131
9355624
9353712
9351748
9353711
9355840
9357269
9355597
9354354
9359711
9357226
9358514
9357250
9352387
9359308
9353709
9358826
9352335
9354062
9357026
9355975
9357739
9356266
9357367
9356113
9355155
9355220
9357383
9359126
9353565
9354842
9355096
9352186
9356039
9358497
9355314
9356820
9359343
9354117
9358435
9358325
9356170
9358462
9354397
9354500
9355709
9358224
9357699
9357151
9353789
9352034
9356280
9352882
9353337
9359526
9353835
9353319
9357445
9352298
9358447
9355723
9358852
9359086
9352993
9357790
9352864
9354629
9358393
9358909
9357277
9357128
9354430
9358958
9355513
9359584
9353804
9351712
9352792
9358896
9356478
9353408
9352431
9358210
9354976
9359770
9354233
9354986
9354841
9358748
9355997
9352381
9353964
9354050
9358733
9354630
9357084
9353299
9356643
9359062
9355893
9355431
9356345
9355569
9352366
9352279
9351832
9353433
9355672
9358409
9359200
9354270
9355424
9352102
9354958
9356830
9356292
9351939
9354282
9356588
9351815
9355148
9353586
9357210
9356964
9359408
9357380
9357441
9358802
9352840
9359258
9359818
9357763
9355938
9357899
9352777
9354286
9356173
9355904
9353470
9358310
9355993
9357595
9354309
9354954
9355662
9356977
9358039
9357997
9353874
9357484
9356312
9359461
9359540
9356185
9358787
9352562
9357833
9355850
9354138
9358977
9357681
9358710
9357237
9354033
9351934
9355495
9352575
9353596
9353977
9357585
9356842
9357194
9351865
9353375
9356653
9351696
9353499
9354619
9352159
9354155
9359005
9356205
9358643
9359515
9358855
9353483
9358026
9351828
9358774
9353877
9353046
9359432
9351918
9353834
9357303
9356667
9353168
9353018
9352189
9352990
9352265
9358535
9355147
9359100
9358938
9357322
9357748
9356640
9352296
9353933
9357357
9356668
9358539
9354622
9358954
9355788
9352893
9353643
9355769
9353963
9355831
9354538
9358408
9353871
9352665
9357852
9353782
9358990
9353591
9357059
9356254
9358272
9352812
9357753
9357574
9355021
9352380
9351976
9359241
9352678
9355817
9353156
9352338
9353385
9354132
9356628
9358045
9355867
9357309
9358653
9357719
9355739
9357265
9354754
9351959
9356590
9357616
9356017
9351890
9359229
9359680
9351812
9358477
9353797
9356989
9352395
9356540
9357421
9356088
9359252
9355395
9353998
9354829
9355133
9353829
9352743
9357866
9352346
9353771
9359077
9357849
9351950
9356638
9353469
9359342
9359442
9356855
9352107
9353000
9352227
9351717
9355221
9357628
9356552
9359481
9359683
9356207
9357283
9357264
9358955
9352903
9355486
9352193
9356024
9358781
9359767
9357775
9354769
9359254
9354682
9359626
9355984
9356020
9353732
9359768
9356473
9354509
9356336
9355575
9357603
9356007
9357094
9356371
9354218
9354148
9354918
9353491
9353004
9355161
9352589
9359693
9358937
9353971
9355134
9357020
9352772
9356560
9357908
9356114
9356201
9359760
9358998
9354792
9352623
9351912
9353073
9355745
9353642
9353326
9358353
9353351
9355683
9353263
9358121
9359209
9352065
9352263
9354691
9353636
9359332
9353220
9359507
9358433
9358216
9355152
9357155
9356915
9351732
9356073
9355331
9355694
9357399
9355998
9354823
9352032
9357123
9357854
9354000
9354892
9353889
9353174
9354638
9355254
9352400
9354993
9355877
9355339
9353989
9353173
9354529
9355819
9351724
9357746
9356559
9359479
9352933
9355245
9356419
9353447
9355647
9352481
9357717
9358530
9359045
9356837
9353503
9358284
9359041
9357193
9359509
9355982
9354249
9359629
9352791
9357195
9352449
9357473
9355908
9354345
9356683
9354871
9357427
9353559
9359751
9355353
9352156
9357733
9352468
9355378
9354474
9354750
9357113
9359136
9358648
9353076
9359091
9356781
9354206
9359591
9356651
9358575
9352471
9354085
9359438
9351792
9353092
9358028
9351775
9358495
9354836
9352937
9354392
9351838
9356154
9353079
9358170
9353383
9352686
9352166
9357779
9356518
9354380
9351974
9358056
9356202
9355243
9352644
9356673
9355985
9356946
9355847
9357864
9352631
9352072
9357124
9352073
9354099
9359689
9356064
9356297
9359179
9355571
9357860
9354737
9355535
9358287
9359435
9358901
9358115
9356863
9356362
9358510
9359174
9355974
9357168
9358266
9359431
9353740
9353912
9353555
9354943
9357734
9359173
9357724
9354531
9353547
9355061
9354335
9356700
9355532
9353783
9355957
9354333
9359213
9354389
9354611
9355411
9354612
9352740
9358038
9359654
9357287
9352541
9358328
9358992
9353926
9357279
9357365
9353921
9356143
9355451
9358446
9354019
9357013
9353822
9359097
9354931
9356148
9358618
9355631
9359769
9357314
9354098
9355089
9357075
9355001
9355991
9356430
9355313
9354347
9359282
9354441
9354762
9355584
9353005
9357125
9353494
9357085
9359830
9351856
9355900
9355227
9353831
9352247
9354921
9358999
9355128
9352839
9352350
9357520
9352466
9357971
9358825
9354815
9355452
9354030
9355350
9352876
9357457
9352114
9358444
9353799
9353737
9352506
9358452
9353190
9356761
9354127
9354506
9358426
9357744
9355945
9353781
9355524
9359345
9357401
9356836
9357231
9352540
9351744
9353036
9359581
9356504
9355231
9351733
9354163
9358918
9354738
9355761
9358603
9358798
9358322
9352176
9359764
9355090
9356506
9352316
9355000
9352543
9354346
9358652
9357544
9351718
9356397
9352604
9354950
9352245
9358627
9353512
9352161
9355925
9354212
9355300
9352946
9352546
9358434
9356457
9359302
9353756
9351871
9357887
9356916
9353708
9352872
9358035
9356320
9353983
9359765
9358424
9357238
9351861
9351678
9356459
9354079
9358456
9355830
9358868
9359310
9354150
9352505
9354362
9354360
9352941
9352378
9356036
9352304
9355682
9358922
9356176
9357504
9351941
9352037
9354747
9357390
9352058
9354560
9357761
9352141
9356030
9355803
9353296
9354220
9357814
9358399
9359003
9356085
9354528
9357174
9357062
9352192
9355488
9355342
9356769
9356149
9352300
9354066
9358749
9353647
9358645
9355357
9352667
9356341
9356659
9353611
9358181
9358584
9354791
9356463
9358160
9357177
9353089
9353223
9357070
9352530
9353839
9355802
9355136
9358494
9355999
9355487
9354425
9352670
9351681
9356507
9356912
9357572
9354343
9353182
9352465
9353810
9355226
9359365
9355758
9351767
9352512
9352407
9357369
9352345
9356225
9353193
9354960
9353736
9353583
9354647
9353787
9358008
9358416
9358006
9356592
9352827
9355756
9351759
9355409
9355338
9352914
9352607
9354394
9357856
9357601
9358993
9352460
9353978
9355550
9351788
9359841
9356450
9358632
9352422
9352597
9354292
9357488
9352042
9358775
9356440
9358728
9358788
9355783
9357870
9357053
9352254
9351747
9359392
9359687
9356129
9356917
9351804
9354591
9353118
9352339
9355018
9351754
9357162
9355454
9354763
9355230
9355822
9358068
9354850
9354351
9351694
9352433
9355962
9354144
9359398
9356193
9357243
9358968
9359452
9359575
9359228
9358077
9357509
9354658
9351896
9354879
9356992
9352689
9354848
9356682
9353472
9359285
9358429
9356361
9352758
9358726
9353390
9354524
9357317
9355669
9355845
9355321
9352782
9355675
9351925
9356014
9357991
9352731
9353895
9352493
9359518
9353008
9352013
9355109
9359473
9354789
9359564
9354414
9352525
9354568
9356719
9351710
9352071
9355401
9357429
9354726
9358391
9355612
9352276
9353065
9357944
9359189
9356493
9354299
9353878
9359301
9357297
9355726
9358659
9357348
9356028
9353016
9352889
9354883
9358559
9357134
9358917
9359503
9352220
9359248
9356632
9354872
9352392
9358171
9352985
9355283
9354604
9357906
9351938
9356883
9353548
9357771
9359558
9357219
9356324
9359313
9357188
9354227
9359510
9355992
9356625
9357397
9355835
9354480
9359762
9356216
9353019
9352096
9352170
9354639
9352027
9359157
9354601
9354078
9356631
9355009
9359000
9358631
9351909
9357392
9351704
9354069
9356670
9359502
9354424
9356932
9357596
9356885
9355436
9354862
9353675
9355160
9352521
9352866
9356318
9353714
9359178
9354151
9356323
9352113
9357967
9356975
9357942
9355901
9359014
9356062
9352596
9356523
9355564
9357837
9353582
9354159
9354858
9353313
9354720
9354807
9355891
9356076
9358928
9356499
9356929
9352344
9354511
9357920
9357221
9354187
9355689
9356514
9352548
9352464
9357302
9352269
9354387
9353231
9359369
9357101
9353510
9359089
9358571
9356774
9357939
9355504
9353191
9358384
9356234
9355594
9356626
9352713
9359231
9355434
9358512
9351964
9356311
9357477
9358661
9354832
9355215
9353802
9354834
9353730
9356707
9353939
9358970
9355704
9358437
9359583
9353923
9353823
9357116
9359324
9353855
9351897
9357927
9359454
9353640
9352817
9353744
9355107
9352289
9351956
9355312
9357371
9358546
9352857
9355178
9353123
9356070
9356843
9356940
9351700
9357398
9356887
9357918
9356713
9357452
9354614
9354749
9359361
9354056
9352775
9355168
9351809
9357668
9358483
9359427
9357354
9358278
9357278
9358000
9352826
9359470
9354123
9359428
9356284
9355818
9355676
9352478
9359771
9356958
9355506
9359828
9351816
9358041
9351698
9359747
9358548
9359362
9353346
9352640
9356656
9352787
9354962
9359122
9354386
9352285
9357211
9352301
9353707
9353314
9353729
9357547
9358522
9352343
9359033
9353961
9359544
9356340
9358792
9357877
9355930
9351926
9353824
9357505
9352404
9358809
9359750
9356027
9357778
9356008
9356505
9355455
9357545
9352855
9352994
9357483
9355498
9356575
9352697
9356060
9356156
9354402
9352663
9359433
9354700
9352728
9354409
9357055
9357999
9353563
9353601
9351682
9353282
9354020
9358324
9353336
9359477
9358966
9351948
9358671
9356298
9353811
9355383
9358862
9354721
9351892
9353966
9355267
9356456
9359459
9359304
9355768
9359290
9357385
9351958
9357378
9357957
9356195
9357102
9354204
9359721
9355566
9352024
9358616
9356558
9354919
9356941
9354041
9359612
9359214
9356968
9355333
9351764
9356491
9351794
9353521
9354283
9355416
9359171
9354814
9357661
9355711
9355658
9353569
9353292
9351849
9355055
9357898
9356723
9352248
9356881
9354562
9358484
9357959
9358660
9358329
9357165
9355234
9354733
9352705
9357001
9353237
9356639
9352403
9357218
9358371
9353058
9352755
9352218
9352970
9359422
9352149
9354313
9358899
9352947
9356068
9358730
9359810
9352117
9351962
9358355
9354916
9354728
9357203
9352155
9357204
9352017
9356112
9358636
9354422
9353196
9356562
9354835
9356669
9359032
9355670
9354851
9353788
9359148
9358865
9356921
9353222
9354165
9357622
9351668
9351765
9357266
9354364
9354585
9356986
9354797
9355174
9352522
9357258
9353490
9357209
9359264
9356127
9354525
9351776
9358009
9351927
9352086
9354979
9352592
9353850
9357069
9358888
9356158
9355537
9355429
9353965
9358454
9352256
9352637
9355766
9352210
9354543
9352292
9352528
9353703
9356576
9353684
9355677
9357207
9356052
9358675
9355057
9354905
9353377
9358804
9356086
9354776
9355680
9358984
9352568
9357171
9355255
9353915
9354484
9356037
9354487
9356954
9357361
9357110
9358470
9359131
9354221
9356963
9357027
9352761
9355859
9352682
9355117
9359135
9353349
9355047
9352474
9353724
9359035
9353772
9355940
9355453
9353758
9357896
9357009
9357341
9359513
9353208
9359263
9357136
9356411
9356098
9357035
9356167
9351761
9358465
9352714
9354087
9353430
9357012
9359102
9357914
9352629
9353958
9354790
9352580
9353096
9355187
9356033
9353317
9359684
9358097
9355298
9356067
9354579
9357521
9354779
9359399
9357161
9354935
9352744
9352753
9356105
9353009
9356743
9358800
9357674
9355475
9354569
9353646
9357756
9353460
9352321
9353870
9355656
9351894
9357656
9358142
9353514
9353405
9352578
9359455
9353997
9354133
9354065
9355757
9359822
9352347
9359048
9353764
9359811
9357689
9358407
9351995
9353179
9352762
9356678
9352712
9358072
9357815
9357233
9357993
9359232
9355954
9358810
9354929
9353461
9354946
9353084
9352172
9356110
9357450
9352358
9354024
9351983
9355173
9353726
9357440
9356250
9358188
9352398
9353946
9358874
9356871
9355273
9354214
9358334
9358155
9353277
9358926
9352818
9352880
9354415
9358617
9354164
9354217
9357583
9352175
9359666
9358471
9358777
9355365
9355464
9353320
9355582
9357743
9353332
9358960
9359216
9354303
9355765
9355461
9359204
9354100
9359660
9354570
9351987
9358972
9353443
9356347
9353164
9352688
9357588
9353893
9353012
9351854
9354234
9353362
9353134
9353619
9356237
9353666
9354416
9354699
9356335
9359093
9352576
9354054
9354091
9354003
9353458
9359202
9355567
9352075
9358878
9351841
9357267
9356267
9354535
9359524
9354344
9359720
9358021
9356395
9352751
9356807
9356762
9357105
9357117
9353550
9354368
9358020
9356304
9355508
9357593
9356034
9359375
9355905
9357676
9355746
9357848
9352195
9353693
9354067
9357988
9353959
9353665
9357882
9353645
9352480
9357153
9357447
9352323
9355058
9354006
9352690
9352524
9358327
9357802
9359303
9355892
9355587
9354405
9355250
9357157
9356370
9358207
9352302
9354385
9359578
9359632
9354203
9356806
9354605
9356718
9358946
9357014
9353925
9351922
9355335
9357071
9354719
9358256
9355433
9352687
9354693
9353178
9351786
9355473
9356101
9354671
9353247
9357046
9358701
9354310
9355492
9356606
9356808
9358988
9353343
9355648
9358916
9356690
9354992
9353010
9353648
9351862
9355610
9359686
9353253
9356422
9359821
9355040
9353979
9358221
9356801
9359596
9355553
9356548
9358015
9354558
9356426
9356239
9353655
9354947
9353842
9353188
9353859
9356624
9358873
9352549
9357798
9355261
9358496
9355275
9358415
9355336
9352137
9355948
9357566
9359529
9354800
9355210
9357038
9356710
9356385
9353932
9359084
9356904
9356918
9357049
9354904
9358725
9355685
9356055
9357563
9354650
9356840
9359673
9356453
9354908
9352684
9358055
9352163
9353128
9356711
9351980
9355151
9355895
9354598
9355558
9352050
9352153
9359018
9353199
9353436
9355332
9354384
9357636
9359271
9353849
9354215
9355655
9355881
9351943
9355664
9354957
9353403
9352498
9357316
9356967
9357239
9359177
9352833
9356712
9358629
9354812
9354930
9359775
9356283
9357667
9355917
9354140
9356515
9357321
9357312
9356860
9359579
9352355
9352869
9359069
9356222
9352759
9351942
9357503
9358200
9359156
9358383
9356256
9352608
9355614
9355301
9359042
9354656
9353311
9354968
9359188
9359119
9354926
9353071
9356528
9357374
9356757
9354822
9354648
9356251
9359262
9351835
9355933
9354205
9356063
9358963
9355406
9353803
9359644
9356255
9352671
9357142
9356519
9352363
9357336
9359819
9352594
9357695
9352588
9358956
9351811
9354798
9354463
9353631
9354426
9352748
9356243
9355577
9359570
9354134
9355292
9359211
9352093
9358090
9356233
9352945
9355810
9356641
9358583
9356621
9357394
9359368
9359742
9355578
9355909
9355797
9352803
9352768
9359388
9352459
9358247
9356586
9356675
9352461
9354228
9355172
9357166
9353769
9359607
9351737
9357776
9358414
9356969
9357659
9353249
9353865
9356454
9358712
9358103
9356858
9355632
9357581
9358357
9353742
9359506
9359194
9355304
9358250
9358962
9352202
9354161
9355286
9359370
9356735
9358638
9355067
9357387
9356573
9352559
9358138
9352537
9352070
9357346
9357093
9355446
9355547
9355308
9352848
9358594
9356260
9354803
9359429
9354499
9357839
9353886
9356446
9358746
9357638
9352424
9353421
9355750
9357396
9353063
9353952
9355659
9355356
9352294
9357423
9356862
9352319
9356045
9354090
9357345
9352793
9357767
9355911
9352611
9355515
9358252
9358952
9355811
9352844
9353796
9356268
9356571
9358040
9357986
9355794
9354255
9352401
9355539
9357426
9354843
9352924
9359640
9352196
9358847
9358148
9354818
9356186
9353303
9355501
9355026
9354060
9355158
9352881
9357909
9359306
9355447
9356498
9355738
9354890
9355688
9358182
9351908
9353520
9355157
9353956
9352274
9353549
9352532
9353241
9355923
9351691
9356005
9357370
9356999
9355253
9353245
9359744
9356452
9354064
9354037
9352890
9352416
9352519
9357984
9357873
9359624
9354330
9356770
9355563
9359849
9354698
9357246
9359245
9352527
9354369
9354578
9355386
9358389
9354273
9358030
9355257
9355771
9355879
9356782
9354810
9353691
9356012
9354973
9358255
9355503
9359265
9356741
9355855
9352847
9359166
9353867
9356785
9351840
9354996
9357694
9356979
9355189
9352878
9355965
9352293
9354705
9355946
9353500
9358684
9358480
9358813
9355561
9355428
9357784
9359534
9357224
9355599
9358951
9354042
9353614
9357850
9354633
9356428
9357846
9359491
9359532
9351855
9358967
9354082
9352168
9359348
9357582
9352207
9352915
9354038
9356122
9355910
9359556
9357304
9358976
9358024
9359619
9355536
9356249
9359182
9351727
9358870
9353216
9358314
9354772
9351813
9359340
9355263
9357514
9359350
9351935
9354867
9352014
9353539
9352475
9353554
9352336
9355502
9354112
9359448
9357201
9359081
9359773
9358722
9353924
9351805
9354029
9353476
9357358
9355849
9358564
9355719
9353478
9352120
9352907
9351986
9358925
9355054
9355499
9357716
9354520
9359206
9356728
9353879
9353785
9354242
9354337
9357364
9356010
9355397
9352906
9359495
9359779
9353504
9358752
9357592
9355894
9355568
9356196
9356282
9355120
9353904
9359138
9358260
9358936
9355017
9354235
9358292
9359162
9353254
9354025
9355150
9355295
9358007
9354114
9353873
9357880
9356864
9357435
9353289
9357510
9357526
9352379
9354827
9355119
9353773
9359107
9356736
9356217
9357247
9358881
9355951
9352975
9352715
9353907
9353112
9358552
9356175
9356684
9356383
9356738
9354793
9353595
9352385
9352063
9353833
9357841
9358578
9356042
9357468
9356221
9358620
9356509
9356751
9351998
9354145
9352766
9358417
9357553
9356799
9353668
9353056
9359011
9352047
9355858
9354352
9355967
9358333
9357416
9359333
9352745
9358846
9354290
9353465
9352018
9352328
9358587
9351680
9353342
9352757
9356853
9357529
9351829
9355266
9359713
9359275
9358685
9355528
9356902
9356937
9356162
9352603
9351884
9352244
9351916
9353930
9355510
9352609
9353820
9356717
9358933
9358696
9355868
9356824
9355983
9353459
9353562
9351901
9357911
9355111
9354492
9357058
9354379
9354443
9352510
9358227
9356187
9354831
9353057
9356087
9354021
9355072
9358418
9357280
9359727
9356059
9352595
9358387
9356123
9355269
9354893
9358856
9355878
9355529
9353751
9354677
9356553
9355044
9359780
9354981
9354055
9352776
9356487
9355776
9354685
9354180
9358098
9355423
9355516
9358823
9355720
9351722
9353518
9359039
9356892
9353828
9353279
9352602
9357150
9358027
9352100
9358544
9351945
9358100
9354271
9354735
9352931
9358231
9353471
9356856
9356517
9352198
9357851
9355870
9353508
9359305
9357584
9352428
9356091
9352679
9355081
9355690
9356828
9351789
9357329
9355315
9357766
9353338
9359044
9356455
9354493
9356022
9352553
9352638
9355898
9352786
9352099
9354920
9357687
9351669
9355330
9357641
9355012
9357145
9353868
9355774
9358601
9356993
9357922
9354451
9357274
9357782
9355384
9352778
9353428
9354047
9353733
9354664
9359083
9359359
9356364
9355192
9358830
9351687
9358286
9356302
9356691
9353176
9353354
9356637
9356752
9355310
9359295
9357981
9356274
9359127
9352566
9353017
9355003
9355514
9359611
9355903
9353700
9354924
9358118
9356144
9357715
9354399
9359784
9359312
9359140
9353086
9358459
9358157
9356526
9356132
9352940
9355820
9358485
9353625
9351801
9352554
9359074
9354093
9352992
9359349
9353131
9351773
9357180
9352895
9356579
9351684
9352390
9353404
9355700
9355602
9351883
9355641
9358001
9354911
9353014
9353532
9351830
9353087
9359520
9355164
9358081
9358985
9357535
9355130
9355625
9357319
9357552
9357768
9354226
9357061
9358668
9354336
9356816
9356854
9353454
9351853
9353900
9353872
9355225
9353570
9355792
9357006
9355327
9357548
9359196
9355814
9353975
9359458
9355638
9354975
9357738
9357637
9355593
9355036
9357418
9351774
9356696
9358511
9354670
9358301
9353525
9354279
9356425
9358731
9357759
9358674
9352956
9356443
9357438
9358503
9359557
9357031
9352360
9358973
9354688
9352226
9355596
9353072
9357809
9357159
9352939
9351834
9355961
9353297
9359757
9352927
9358222
9352039
9357705
9353260
9355340
9354668
9352414
9357456
9356647
9356780
9354796
9353696
9356240
9355400
9353328
9359006
9357044
9353848
9357109
9356198
9358872
9353743
9356945
9355955
9358054
9357074
9359217
9359701
9356919
9355175
9353673
9354512
9354188
9354959
9355483
9358198
9354267
9354370
9353739
9359255
9359623
9354406
9353157
9354587
9356609
9353969
9359528
9354446
9358373
9355852
9353300
9357836
9352853
9352650
9352641
9359494
9356756
9359823
9359334
9356857
9354176
9352666
9353482
9352362
9353837
9353211
9359549
9358177
9354696
9353973
9357271
9354419
9355637
9358050
9356467
9359187
9352069
9358274
9355888
9354457
9355785
9359230
9354555
9356421
9356429
9356447
9357728
9354084
9352707
9356363
9353813
9352287
9355804
9356775
9359699
9354081
9354563
9355085
9351992
9354158
9358270
9353060
9355727
9356350
9353116
9355318
9359112
9358163
9359487
9356414
9356619
9358179
9358513
9357679
9357511
9352183
9352824
9353140
9356572
9357654
9356709
9356476
9359668
9354725
9355979
9356888
9357956
9355736
9355135
9354765
9358052
9356178
9352636
9353477
9355115
9354327
9354984
9358126
9353049
9357167
9358898
9355354
9356666
9358948
9354539
9354464
9352420
9355635
9358532
9359059
9358663
9358729
9352563
9354105
9354071
9358669
9354321
9354011
9358253
9354366
9353659
9358551
9353159
9353511
9356877
9355914
9353651
9353624
9357118
9357835
9357198
9357455
9359444
9357160
9358396
9357331
9353830
9353685
9354266
9356597
9352912
9353695
9353410
9357002
9354826
9353779
9356533
9355862
9352162
9357530
9351697
9357516
9355552
9355202
9351866
9355108
9355579
9353861
9352646
9359782
9355177
9358796
9359223
9355921
9353927
9357459
9358797
9357078
9357474
9359675
9356057
9353324
9356594
9353697
9356434
9358839
9358536
9354610
9355986
9353417
9359269
9355531
9354177
9358381
9354840
9353809
9358350
9354857
9359210
9352807
9356503
9354794
9354130
9353466
9353333
9357954
9355392
9359115
9352904
9359028
9353252
9352454
9356288
9353229
9353746
9359785
9357932
9359796
9356538
9355760
9358062
9352340
9355381
9359508
9355010
9357930
9356664
9353650
9358904
9351920
9355886
9359078
9356943
9358245
9355583
9352439
9357138
9352023
9357630
9357393
9356976
9352798
9355129
9356134
9352643
9356520
9354063
9356460
9353250
9358716
9353575
9353203
9355281
9352825
9353335
9352488
9353622
9358644
9356418
9354121
9356118
9355387
9352083
9357693
9357381
9351741
9356676
9354783
9351702
9355544
9354997
9353845
9356269
9354124
9359050
9351960
9354160
9354637
9352386
9357580
9357052
9359197
9359698
9356694
9355554
9355412
9353409
9355156
9352025
9353431
9353992
9354740
9353970
9352613
9356163
9353040
9353111
9352734
9357405
9355966
9357962
9359321
9358815
9353133
9355427
9352582
9357175
9358756
9354237
9358526
9352367
9353481
9356982
9352995
9354167
9353864
9354083
9354334
9354001
9357677
9358646
9355842
9352680
9358609
9359395
9358061
9354395
9359797
9353152
9355987
9354448
9357955
9358259
9355863
9357777
9353357
9352106
9351931
9358492
9357617
9359198
9354849
9356821
9359402
9356416
9357106
9359792
9357964
9357310
9352518
9358143
9359505
9355320
9353929
9356212
9359492
9353373
9357698
9356276
9352943
9359297
9357011
9351785
9352303
9354576
9357828
9357708
9357825
9355523
9356359
9355737
9352500
9355926
9355607
9354136
9359139
9358687
9353602
9355248
9352224
9357737
9356355
9358740
9352020
9357077
9355249
9355512
9357095
9358048
9355956
9353634
9352477
9356308
9357883
9358340
9353581
9357222
9353416
9358438
9359013
9352275
9352331
9354391
9354657
9354870
9356433
9356584
9358608
9353774
9359799
9356942
9355897
9355585
9356184
9354987
9353759
9352160
9352779
9352310
9356439
9355176
9353629
9356445
9358525
9357030
9354552
9357281
9354442
9357324
9358205
9358233
9358662
9352908
9355777
9359852
9359073
9352934
9359447
9357041
9359416
9354287
9358560
9355562
9357003
9358326
9355106
9354035
9353530
9355725
9354767
9351701
9356120
9352417
9357834
9357692
9354361
9353919
9357711
9355369
9359851
9355887
9352551
9353947
9351742
9351905
9356852
9353951
9355759
9359021
9352067
9358463
9353122
9352978
9352229
9352382
9356342
9357082
9355239
9353556
9356754
9353519
9353456
9353011
9359803
9358212
9358706
9354468
9357083
9358106
9357334
9353255
9359710
9354404
9355928
9351847
9358942
9352718
9356025
9353364
9357609
9358363
9354672
9357305
9359130
9354328
9352463
9355171
9359840
9354316
9356636
9358107
9357941
9354575
9359437
9356412
9352415
9353763
9352257
9353265
9358758
9353815
9358741
9354261
9359407
9355297
9356598
9357025
9358615
9353938
9358721
9354122
9358147
9353154
9352286
9357300
9356490
9359521
9352225
9353181
9359400
9353982
9358291
9358929
9352140
9359384
9358091
9353392
9354086
9357525
9357419
9352658
9354032
9352504
9352364
9355306
9357446
9356542
9354584
9355807
9353054
9352593
9358109
9358694
9357838
9359798
9352139
9355748
9355922
9354804
9355918
9352573
9358472
9352764
9354713
9355628
9351886
9354556
9356213
9359351
9359539
9351703
9356296
9357749
9359465
9358119
9357152
9358079
9355913
9355087
9357902
9353546
9356650
9358308
9354518
9359746
9354482
9356935
9353523
9357894
9358654
9357139
9356788
9354907
9352446
9359530
9359149
9354088
9358709
9353268
9351973
9353777
9358845
9356107
9356815
9358695
9358727
9357792
9353905
9352923
9357678
9352729
9352251
9359457
9359674
9357557
9357650
9357406
9357820
9354967
9356591
9354736
9354678
9354010
9354375
9359199
9352329
9352955
9357458
9353637
9353387
9356468
9356484
9359031
9352591
9359846
9354813
9359087
9351711
9359637
9355829
9358905
9355722
9352076
9356589
9354952
9355013
9356603
9355317
9353284
9358688
9355798
9355678
9359669
9359561
9352754
9352877
9353327
9355741
9358257
9353988
9357340
9357208
9354808
9357048
9359588
9354852
9357466
9356376
9355459
9358382
9356275
9358406
9358715
9353765
9355233
9353898
9352741
9357056
9355432
9352902
9353391
9356470
9353232
9356732
9357298
9357635
9358161
9359099
9354519
9352709
9352150
9354059
9354192
9352507
9356931
9355218
9358912
9353160
9351751
9357599
9354438
9358959
9355703
9354284
9358482
9353825
9353495
9357923
9351864
9358987
9352318
9353075
9353718
9359001
9352436
9355936
9352837
9358358
9355565
9359040
9359749
9359225
9353169
9357067
9359794
9354775
9356248
9351910
9352238
9356953
9352763
9358405
9354702
9355581
9355077
9359485
9358935
9355288
9354891
9353369
9356305
9359535
9354278
9358427
9352942
9355621
9356074
9358940
9352171
9352371
9355391
9356208
9352615
9352462
9355533
9358294
9352105
9355351
9353807
9353444
9352429
9352197
9356125
9357884
9354257
9354709
9352306
9353894
9352453
9355869
9352272
9355981
9355651
9353177
9355477
9352760
9353262
9354663
9355364
9355132
9359603
9359253
9357404
9354802
9353330
9356750
9357173
9351762
9357702
9359833
9354146
9354577
9354246
9352564
9359441
9351778
9355154
9358986
9354517
9359613
9359657
9358590
9356332
9358831
9354854
9356303
9357489
9351857
9358969
9356093
9354219
9358529
9356689
9356375
9359837
9355402
9356477
9353139
9356410
9353936
9352829
9357187
9351978
9355968
9352003
9352547
9352384
9355068
9356924
9358019
9356990
9357338
9357797
9358789
9358639
9353654
9355105
9356895
9351755
9353259
9358217
9352732
9352788
9355348
9358886
9357590
9354418
9354853
9355235
9358344
9353934
9356263
9356326
9357149
9352719
9356403
9354263
9351810
9358676
9353281
9355572
9358824
9354238
9352158
9359839
9353741
9357362
9359411
9357045
9353528
9358908
9353846
9355522
9356960
9358858
9357469
9356947
9358088
9355346
9356172
9355349
9352283
9358134
9356137
9352396
9356934
9354143
9351881
9356923
9354965
9353760
9354017
9352270
9359238
9356522
9354504
9355860
9358419
9358600
9352121
9352280
9353794
9357892
9355952
9358368
9351672
9354101
9358302
9357875
9356313
9356011
9356492
9354241
9356677
9354628
9358614
9356041
9353185
9354707
9353980
9352622
9351965
9353192
9351674
9359496
9358395
9351967
9355462
9356521
9352919
9354625
9352977
9354149
9358111
9355608
9352494
9358595
9353652
9357471
9352979
9352437
9353558
9353144
9354768
9359566
9358366
9357034
9354730
9355355
9353800
9355032
9355663
9351824
9353114
9359336
9355463
9355205
9358707
9358237
9354666
9354462
9352469
9351893
9354744
9356279
9354785
9354137
9353272
9356271
9357170
9351848
9352066
9357811
9359244
9353149
9359079
9351671
9355839
9355828
9357185
9352886
9356706
9356372
9353227
9355500
9354773
9357762
9352484
9358031
9358051
9356100
9351695
9352240
9355184
9352535
9351837
9358843
9353434
9354645
9354706
9354756
9355417
9358561
9359718
9354847
9357032
9355323
9352008
9359753
9352046
9355541
9352710
9353821
9354494
9356278
9354999
9357147
9351676
9354915
9354817
9354502
9352557
9353657
9354074
9355890
9351842
9359440
9357272
9353676
9354111
9353564
9354573
9358410
9352627
9352209
9352894
9354760
9355204
9354470
9352785
9352325
9355071
9353142
9354031
9356965
9356802
9354684
9354469
9351868
9357570
9359537
9357888
9354597
9354559
9353215
9357000
9353557
9356482
9354596
9358178
9355014
9356537
9356948
9356131
9354178
9352036
9358422
9352587
9353066
9357410
9355470
9359015
9353124
9358488
9353217
9356377
9358803
9358978
9359185
9355960
9354561
9354998
9359605
9353710
9353006
9359456
9352598
9354486
9355653
9355480
9354479
9354478
9357867
9357333
9357947
9353976
9354819
9354374
9356708
9352489
9352973
9356627
9358132
9352151
9358598
9354058
9357363
9354507
9357275
9355935
9353238
9356551
9356190
9358375
9355437
9352698
9352676
9356407
9359144
9352077
9357826
9353719
9357655
9358602
9357879
9356878
9359499
9358112
9354613
9354715
9354291
9354107
9359364
9356095
9355027
9352538
9358705
9359573
9359020
9352402
9355343
9351859
9355025
9359434
9353577
9356834
9356314
9353937
9355861
9358058
9356804
9354933
9357108
9359511
9356300
9359618
9356252
9357740
9357486
9356797
9356040
9357878
9353908
9358866
9357130
9354869
9352442
9358577
9359420
9355046
9353633
9355280
9352356
9352458
9351845
9354128
9353580
9356078
9359339
9354496
9353132
9353363
9353172
9356053
9353120
9353688
9355698
9355274
9354435
9353669
9359292
9359337
9354566
9359554
9352264
9352858
9355146
9355289
9357612
9354355
9353808
9351989
9352542
9359531
9356648
9356121
9354196
9356219
9356294
9353488
9358367
9355123
9354363
9357021
9358087
9357721
9358649
9355196
9352531
9357951
9356511
9357360
9351800
9356787
9357230
9356791
9353778
9352499
9353918
9358690
9359663
9359060
9354643
9359346
9356530
9358086
9357855
9359234
9358604
9354912
9351758
9358309
9358520
9357282
9354455
9356444
9353463
9357089
9352154
9356793
9353914
9356734
9351713
9354488
9353869
9354348
9357476
9354359
9353429
9355613
9358455
9358884
9358298
9351746
9355603
9359381
9354659
9357952
9359656
9352842
9353542
9354995
9358915
9358795
9357412
9352002
9354759
9358299
9352783
9356823
9351675
9356339
9352828
9358656
9355344
9356570
9358208
9356974
9356349
9354825
9351796
9358448
9355934
9353400
9353686
9358502
9354743
9359574
9358365
9356192
9358468
9356516
9355778
9354641
9355671
9359597
9357355
9354778
9353607
9353747
9355484
9358499
9358734
9357234
9352784
9358819
9353029
9355389
9355882
9357063
9355692
9355299
9357844
9353954
9357968
9353841
9355030
9353067
9353639
9352620
9352692
9358814
9353025
9355045
9358453
9356955
9358059
9359390
9355098
9359661
9353212
9352863
9358924
9356299
9356889
9354722
9353683
9354694
9352624
9356043
9358860
9352476
9358624
9356772
9357050
9357409
9359150
9354523
9354452
9356777
9352511
9351858
9352691
9355740
9353866
9353537
9355816
9353236
9355415
9356672
9354428
9353183
9357164
9354046
9352685
9358841
9357752
9351993
9353451
9357804
9352111
9351952
9356080
9355144
9353896
9356635
9355809
9357597
9352061
9357840
9355880
9354704
9355390
9359563
9352583
9356264
9355270
9353632
9359498
9354856
9355715
9353885
9357327
9356983
9359474
9353074
9354183
9358379
9352103
9359192
9357639
9357675
9359226
9356489
9354917
9353468
9357949
9358451
9357442
9356608
9352311
9357524
9354043
9354120
9358226
9358842
9352509
9359649
9359514
9356171
9358283
9358737
9359445
9359802
9359748
9358995
9357680
9353497
9356615
9352045
9357480
9351779
9357192
9358280
9356232
9353585
9356611
9355198
9351699
9356200
9355078
9357342
9353734
9351731
9357197
9351882
9357555
9357007
9357513
9351903
9354372
9358341
9358837
9353876
9351825
9354514
9359034
9352628
9354444
9358449
9351821
9353847
9356348
9358751
9359111
9353080
9356002
9359153
9359298
9353450
9352515
9357907
9353091
9356365
9358293
9358541
9353626
9353419
9354923
9355970
9355373
9355029
9357090
9352765
9356464
9357732
9353379
9354620
9355496
9354294
9358807
9354190
9354710
9353761
9359777
9356748
9355404
9352440
9355194
9356556
9353515
9352700
9353098
9358279
9353302
9353035
9358939
9352830
9358320
9352444
9359424
9354002
9356417
9352711
9357186
9355520
9357671
9352372
9355142
9358246
9352190
9356679
9359181
9357662
9357276
9352490
9358743
9357686
9358156
9355781
9358173
9358697
9359415
9356244
9353068
9352545
9353372
9357472
9352565
9356532
9355706
9353266
9358412
9351850
9357464
9353755
9359519
9353204
9352016
9352282
9359354
9355609
9355971
9358013
9352052
9354260
9359697
9352200
9354900
9357368
9353513
9357096
9352405
9352831
9354094
9356436
9357586
9358238
9358635
9352871
9359057
9359335
9359569
9359270
9353126
9357241
9354809
9354265
9356117
9352891
9356084
9358388
9357707
9351770
9354863
9355605
9358989
9356822
9355626
9352232
9353480
9356980
9354194
9357010
9355363
9353110
9352952
9357567
9355857
9358356
9356356
9354004
9352958
9356629
9352572
9352394
9359239
9354593
9353107
9359017
9352645
9359294
9359665
9357228
9357114
9354521
9359307
9351787
9356026
9355696
9352909
9355623
9354467
9352388
9354119
9359161
9356613
9359036
9353635
9356544
9352849
9353344
9352673
9355240
9357414
9353574
9359038
9352770
9355201
9356850
9352875
9357742
9353205
9357127
9354939
9352354
9354207
9357605
9355538
9358717
9353661
9355681
9352090
9354243
9354433
9354781
9359705
9353345
9359835
9352926
9352268
9355545
9354039
9359123
9353818
9357181
9354574
9358174
9359467
9354837
9357112
9352653
9358838
9353560
9359781
9351900
9357533
9358606
9359451
9356160
9353768
9353920
9354049
9356475
9356893
9351877
9352211
9353699
9358931
9353610
9359425
9352134
9356961
9355574
9356745
9352672
9355775
9352773
9353641
9358875
9354936
9353567
9353413
9358265
9358849
9353762
9359151
9352116
9352361
9352188
9352080
9353671
9351889
9357133
9352169
9354454
9354994
9355639
9358404
9359289
9359328
9351822
9355124
9352092
9353662
9358930
9356890
9356547
9357673
9353267
9352964
9353928
9358666
9354652
9353108
9355693
9358923
9355646
9354717
9357286
9355695
9358519
9355687
9355334
9355793
9356031
9354799
9351791
9354695
9354325
9353219
9352616
9352721
9351955
9352634
9356832
9353368
9353082
9353251
9356003
9358836
9357946
9353960
9352703
9357206
9353522
9359426
9359489
9353887
9357624
9352569
9352312
9351723
9353248
9352472
9353702
9352633
9356338
9352590
9355216
9359478
9356549
9357594
9357366
9351946
9359004
9354460
9358890
9357349
9359374
9353901
9354075
9352010
9359212
9353361
9358489
9358779
9351820
9356236
9357107
9354298
9356849
9359703
9357770
9359826
9357236
9358850
9356978
9359391
9357512
9357384
9355163
9358633
9352969
9358288
9351994
9357633
9355494
9356846
9352885
9359201
9351963
9355382
9357961
9357259
9356346
9355800
9358390
9353473
9354061
9359278
9353617
9355116
9359555
9355481
9359186
9357903
9353486
9357293
9355724
9356480
9354544
9355824
9355262
9357256
9352683
9359387
9354118
9355006
9353706
9352004
9351827
9352948
9359266
9354244
9354583
9356204
9353374
9357417
9356655
9356764
9356819
9352334
9357627
9352517
9356258
9355051
9354592
9359439
9354381
9355316
9354080
9358440
9357948
9359497
9356138
9355458
9355219
9357311
9353034
9357042
9355763
9353316
9359695
9352574
9355469
9352125
9354048
9352243
9354110
9353052
9355640
9357800
9359464
9351991
9352284
9358537
9354276
9352349
9354642
9356698
9354551
9354413
9359466
9352819
9352255
9357098
9357620
9358670
9355252
9358225
9353584
9358534
9352599
9356681
9358060
9355973
9357036
9356685
9354932
9359281
9355311
9352204
9356394
9358064
9351817
9359246
9357080
9357916
9358168
9356169
9351969
9354945
9359536
9354882
9355489
9353680
9359809
9354028
9353609
9354951
9359714
9357051
9353305
9355527
9352451
9352330
9356488
9352351
9354545
9357291
9355043
9356604
9357757
9352228
9353274
9352856
9356437
9358458
9356778
9356773
9355377
9355236
9353832
9354673
9357540
9354626
9354429
9355259
9356545
9356512
9358859
9357764
9358268
9359067
9354252
9358323
9354439
9354692
9352808
9354312
9357129
9355947
9359170
9355990
9356561
9357760
9351777
9355276
9355977
9356926
9352555
9354247
9357252
9353226
9353816
9358576
9356358
9354742
9359700
9352746
9359627
9355279
9353104
9359276
9352668
9354169
9357796
9354472
9355589
9356703
9359617
9357351
9355037
9354540
9356465
9357915
9358953
9353002
9353972
9358321
9356962
9353153
9356038
9353909
9359453
9359681
9355048
9355324
9354498
9359512
9352954
9359545
9357064
9352230
9358214
9356534
9353902
9355851
9358900
9352910
9359541
9359586
9357672
9354554
9353678
9356321
9356760
9355517
9357568
9352273
9352649
9358239
9353007
9356908
9358708
9354356
9353608
9352725
9353805
9358651
9354887
9356920
9354644
9351797
9352144
9356585
9354495
9358403
9354977
9354213
9355801
9358821
9355873
9357057
9353752
9358757
9355773
9354885
9356479
9354338
9355633
9354534
9354886
9352383
9356803
9353745
9357924
9352053
9356230
9352630
9356620
9359737
9355701
9358244
9354711
9355287
9355104
9354382
9356293
9357663
9353981
9353367
9357047
9359327
9352737
9352411
9354305
9358108
9359715
9357205
9354571
9354824
9356352
9354350
9355145
9355112
9354106
9352094
9357604
9352122
9355141
9353987
9355208
9354475
9357561
9355307
9354889
9359766
9356500
9357726
9351798
9355439
9357781
9359688
9352062
9358401
9358910
9359016
9351707
9359636
9354400
9355780
9359257
9358765
9354607
9355099
9352496
9356081
9357018
9352884
9356661
9353287
9359682
9352654
9357812
9359070
9358549
9357822
9352307
9357559
9357328
9356442
9358004
9355079
9359293
9358818
9357631
9357615
9358271
9355924
9357945
9357005
9356776
9356075
9355443
9357917
9358125
9353426
9354603
9352078
9358149
9353883
9351846
9351685
9352905
9354845
9358295
9356238
9356557
9352642
9354051
9355667
9356563
9355366
9357577
9356601
9351730
9358732
9352929
9356730
9352520
9354589
9352448
9356795
9353603
9354293
9352612
9355636
9354649
9354572
9355140
9358747
9355729
9358941
9355102
9354703
9357940
9358197
9353138
9355650
9352305
9358311
9358152
9354758
9356746
9359357
9354319
9351768
9357772
9356693
9352981
9359121
9356021
9354530
9356329
9352561
9352963
9356543
9353993
9353672
9357270
9352259
9356554
9353078
9358461
9358264
9352674
9355511
9354714
9352485
9354436
9354830
9354661
9353913
9354023
9353141
9358330
9353389
9352236
9355752
9355162
9359600
9352662
9352143
9358580
9357088
9357556
9353953
9351907
9358096
9353201
9356599
9358835
9359288
9356645
9353269
9357606
9353198
9358515
9359752
9356061
9355953
9355710
9356800
9357560
9355559
9357970
9354027
9357350
9354408
9352098
9358110
9354627
9358186
9356880
9358442
9353228
9359616
9357824
9351932
9353135
9354211
9355730
9351802
9359646
9355137
9358034
9352581
9354547
9355170
9352326
9356674
9353440
9352299
9355457
9352377
9358979
9358354
9357481
9353943
9359358
9359825
9354014
9351745
9356859
9357666
9354473
9358136
9353158
9352413
9352669
9355388
9354805
9352031
9352174
9353438
9355942
9356159
9357040
9357111
9359386
9353827
9358538
9353100
9357714
9354342
9352998
9357403
9353784
9357332
9352845
9356386
9351729
9358754
9359486
9351766
9358428
9358361
9355813
9355020
9353180
9359172
9359525
9357448
9355393
9354949
9351753
9354906
9355075
9357099
9354274
9359598
9356644
9357097
9356071
9355526
9356369
9352966
9357868
9358104
9351913
9356771
9353355
9352918
9355325
9353931
9356525
9355056
9357054
9355076
9356642
9355865
9354057
9355199
9357249
9359110
9357723
9357518
9355095
9355627
9358080
9353085
9355634
9357501
9353911
9358626
9353806
9358243
9353370
9355237
9357431
9356733
9356753
9356550
9353021
9359314
9354708
9357735
9353051
9353244
9353424
9352438
9355241
9358201
9353533
9353717
9356104
9353162
9356431
9354104
9358691
9352187
9355980
9355649
9351756
9359736
9358140
9352291
9354537
9359493
9358523
9353862
9356481
9355296
9354724
9354458
9354102
9355368
9355665
9352214
9357430
9353295
9356013
9354679
9356810
9357087
9354770
9353113
9356054
9356527
9352742
9356680
9359548
9351997
9357913
9353748
9357871
9355611
9351852
9358640
9353304
9359167
9354801
9354268
9352129
9355679
9353001
9357730
9356135
9353258
9358402
9356035
9359394
9359008
9357602
9352021
9352059
9353552
9358914
9355375
9358336
9355195
9353544
9352233
9354398
9354898
9358593
9355222
9356306
9356281
9354665
9359652
9353852
9354297
9352539
9359832
9359054
9356634
9357642
9352185
9356913
9354339
9354341
9356246
9359296
9357819
9353099
9359790
9351891
9354251
9352790
9352913
9355717
9352695
9355497
9353453
9354985
9359058
9355449
9358683
9354125
9354636
9352982
9359235
9354013
9353376
9353380
9352774
9353573
9357990
9353599
9353881
9356353
9358474
9358822
9359662
9359380
9357685
9359347
9354329
9356486
9353698
9358834
9356393
9356343
9358082
9352935
9356197
9356614
9357682
9352944
9356220
9353985
9356903
9354718
9358944
9355876
9353534
9357998
9355826
9359614
9354928
9357407
9358983
9358501
9359740
9355035
9356029
9352750
9358460
9356988
9356224
9353767
9354281
9354833
9354811
9359063
9357232
9355601
9356994
9356049
9357712
9351799
9357571
9357773
9354109
9357963
9359049
9354036
9357565
9358236
9357886
9354580
9355394
9356391
9355872
9358589
9359367
9356285
9355697
9354483
9355207
9358673
9354588
9353817
9355265
9359838
9357395
9355661
9354536
9354513
9355242
9354527
9358762
9353020
9359163
9358833
9352843
9354983
9357104
9355341
9356740
9355827
9352206
9358003
9353323
9354755
9357189
9357858
9353721
9355277
9358089
9357024
9359500
9357794
9351708
9358524
9358505
9357960
9359287
9356814
9357554
9353749
9357433
9354070
9359397
9358117
9353875
9354681
9359389
9357289
9359113
9357517
9359092
9353130
9352516
9355779
9354015
9352421
9354012
9356133
9359183
9356380
9355023
9355073
9359488
9358431
9352991
9359120
9351688
9354096
9354844
9352074
9356398
9354437
9356277
9358364
9359085
9353766
9352088
9355302
9359778
9354166
9356900
9353566
9354901
9355764
9355251
9358261
9356168
9353644
9358991
9359450
9355122
9357470
9356755
9357649
9358491
9359378
9352724
9358887
9357859
9356944
9358879
9353506
9357400
9353402
9356555
9358070
9356950
9359568
9356731
9353136
9354240
9358641
9358297
9359560
9353790
9359679
9358439
9351739
9355467
9356784
9352167
9356179
9355478
9355548
9351921
9353616
9354828
9359463
9351679
9356223
9354034
9359330
9355823
9354895
9354269
9356671
9359191
9357499
9357543
9359360
9359164
9353890
9356716
9356914
9356957
9354777
9353592
9359462
9359393
9353044
9354741
9359804
9355190
9359315
9356373
9357912
9357460
9356392
9358719
9353999
9359056
9353032
9358195
9356153
9353062
9353916
9359645
9352648
9358528
9354171
9353148
9353798
9353102
9356390
9356142
9358127
9358981
9357550
9354383
9356115
9354232
9358398
9353551
9357542
9353750
9356077
9355015
9359664
9357538
9358867
9353738
9358555
9359256
9352988
9353401
9359268
9357235
9353658
9352115
9357519
9355735
9356596
9353507
9359677
9354097
9355549
9354115
9352426
9355091
9359621
9353150
9356779
9356896
9356630
9356898
9355264
9356985
9351944
9353801
9355884
9357665
9359300
9355916
9359240
9352262
9357490
9355038
9355618
9352348
9352341
9355743
9353600
9357869
9352702
9355799
9352961
9355256
9357086
9359635
9358063
9352560
9357787
9359850
9354253
9352005
9351836
9353496
9354940
9353649
9356399
9353524
9354635
9357307
9353786
9358840
9356253
9358131
9353055
9352660
9352996
9355403
9353039
9352699
9357073
9353286
9354660
9353109
9355702
9352035
9358558
9354275
9354787
9357463
9352375
9357684
9359672
9356922
9359717
9356649
9358230
9352916
9351887
9358129
9354378
9355772
9354453
9353630
9356595
9352434
9352544
9353427
9353942
9351831
9359007
9355843
9358378
9353667
9358057
9358331
9359023
9356715
9356569
9356704
9352181
9355214
9357313
9354689
9355466
9354477
9352655
9357135
9354806
9356166
9357934
9352049
9358572
9359610
9354239
9356164
9356581
9355674
9359064
9357747
9358934
9356366
9356328
9357402
9355705
9358591
9356211
9358074
9355399
9357091
9355812
9354510
9352552
9357751
9353271
9359772
9359277
9355362
9358249
9352123
9353105
9356449
9352212
9354532
9358863
9359145
9359816
9358621
9355070
9357184
9353307
9357223
9358413
9354515
9357645
9355034
9356879
9359025
9352295
9353620
9355684
9355188
9353994
9354449
9353653
9356496
9353776
9355493
9352962
9357115
9355380
9353341
9357755
9356330
9354982
9355964
9356257
9351692
9353452
9352164
9351782
9352606
9352130
9352095
9355468
9358921
9355224
9354195
9353840
9359776
9355197
9356157
9357701
9359317
9359814
9354608
9356692
9356315
9359590
9355169
9359759
9356231
9356502
9353399
9355097
9352579
9353485
9353576
9357722
9358304
9354481
9352820
9355359
9352887
9353312
9354331
9352997
9356402
9356058
9355118
9355113
9353175
9359602
9359475
9355972
9359443
9355491
9358851
9355927
9357523
9356319
9358490
9356441
9351677
9357994
9359631
9356848
9354129
9354896
9357853
9354766
9352019
9351780
9353384
9354162
9358473
9359341
9352693
9358767
9357919
9353449
9352278
9356726
9358175
9353088
9355874
9357754
9357248
9357769
9358423
9355808
9352408
9354697
9357537
9355978
9354465
9356009
9357240
9354609
9353613
9354875
9355747
9359551
9353792
9355836
9354198
9352980
9355213
9355179
9353412
9353200
9354894
9354667
9355445
9354497
9354315
9356289
9353922
9356079
9355465
9357549
9356911
9357261
9358209
9352281
9354189
9356136
9359141
9354471
9352313
9359352
9357528
9357670
9352317
9355419
9358871
9354277
9352656
9355915
9355352
9353095
9353117
9357619
9359012
9359712
9356006
9352726
9356783
9357727
9359250
9351843
9352951
9355652
9359848
9353681
9359469
9355490
9358950
9352118
9351803
9357163
9355167
9359338
9354865
9355542
9358303
9355619
9357931
9355422
9354168
9359724
9358124
9355825
9356536
9358531
9359789
9355361
9357745
9356602
9357444
9352675
9352771
9352288
9354632
9353119
9356623
9351670
9353043
9357591
9355871
9358817
9359010
9354225
9355093
9359801
9358069
9353812
9359125
9359817
9354909
9354581
9353516
9359108
9353826
9353489
9357347
9356032
9356139
9358581
9357801
9356564
9358689
9358883
9352055
9357587
9359103
9358099
9357965
9357453
9354910
9352976
9352101
9359220
9357703
9356841
9355005
9359129
9352938
9359325
9357731
9358982
9354761
9359559
9359791
9355790
9359552
9359527
9354631
9358010
9359577
9359472
9356405
9355586
9357832
9352896
9357245
9352119
9354564
9356413
9357785
9357413
9354450
9352131
9354565
9358790
9356794
9353888
9353935
9359029
9352967
9358313
9358927
9359834
9355615
9354553
9358281
9352373
9359658
9358574
9359233
9352570
9353037
9355791
9357386
9359224
9357212
9357720
9357925
9356387
9357704
9359061
9357140
9356000
9354432
9354687
9358739
9359133
9355425
9355053
9356981
9358487
9352584
9355617
9353273
9359808
9355866
9353757
9357643
9352221
9354230
9356019
9352308
9356188
9355620
9354423
9358450
9356199
9356865
9353070
9353527
9353137
9353704
9356191
9357978
9357532
9351914
9355941
9353553
9354944
9358750
9354953
9358625
9359641
9358569
9357607
9358240
9355943
9359815
9356270
9358681
9356469
9356261
9351833
9353445
9358820
9359309
9357148
9358386
9352704
9357485
9352177
9358704
9354491
9358213
9356235
9352550
9354655
9352971
9351919
9356354
9358360
9355007
9355244
9358443
9358785
9354089
9355994
9357022
9352651
9355303
9355131
9353418
9358248
9358610
9357229
9354222
9352147
9358095
9355592
9354897
9355193
9356044
9352352
9358623
9351972
9353155
9353353
9355329
9352165
9356209
9355708
9355084
9354367
9355398
9352497
9358763
9358219
9359543
9359723
9352821
9358315
9359066
9355660
9358794
9357199
9355920
9357359
9355407
9354357
9352739
9358588
9351823
9352841
9358947
9352315
9357901
9356949
9355795
9352922
9359193
9353906
9358599
9355049
9358736
9359553
9352769
9357227
9355028
9358169
9356214
9355450
9354948
9359024
9358906
9355379
9353106
9353753
9354922
9356307
9353329
9358897
9353689
9357323
9352767
9358945
9359236
9358832
9353754
9357632
9355896
9352353
9356991
9357789
9356483
9353948
9359143
9359155
9358975
9351740
9358773
9356309
9357262
9355050
9357353
9354393
9353941
9353425
9358267
9359114
9353687
9357200
9353166
9357527
9358619
9355883
9351874
9356790
9352900
9358282
9351979
9352087
9355707
9358196
9357408
9353165
9352443
9353545
9358994
9357803
9352205
9355232
9355644
9359118
9357131
9354594
9352467
9356301
9359594
9356812
9356415
9357422
9352082
9353264
9354732
9354590
9357791
9359592
9356725
9357989
9354866
9354680
9353432
9354729
9351867
9358312
9356616
9354550
9354095
9354913
9352921
9353541
9355931
9355370
9355180
9351875
9357475
9352917
9358296
9357326
9355121
9359180
9358285
9358348
9352441
9358397
9358801
9355278
9359671
9359207
9357725
9352600
9355319
9354181
9358421
9351738
9353674
9351860
9359719
9351769
9359593
9354816
9358445
9354646
9355754
9356406
9359037
9357428
9354970
9352639
9359331
9352716
9355019
9354839
9356466
9359094
9356845
9357992
9357343
9354541
9358215
9356408
9356334
9356927
9358369
9355322
9357974
9359372
9358172
9358166
9355471
9355854
9358911
9358971
9358066
9356145
9356868
9357023
9359659
9357172
9357179
9359622
9355083
9356102
9357060
9356699
9356242
9357900
9354103
9358778
9353161
9358607
9355751
9354016
9355753
9353638
9357845
9356875
9354390
9352157
9353814
9353243
9357253
9356174
9355186
9359707
9355937
9357292
9356826
9353917
9355024
9356910
9355385
9357713
9353716
9352558
9352043
9356970
9357564
9353464
9356103
9354723
9352040
9355191
9356155
9356344
9353381
9352873
9352112
9358997
9351947
9352084
9354615
9355742
9353218
9352097
9358146
9356851
9353061
9358776
9354447
9353493
9355159
9352836
9352664
9358065
9357765
9352419
9359154
9358290
9354026
9354784
9354925
9358436
9354377
9354009
9356124
9355367
9359371
9352482
9353230
9354963
9357257
9354172
9356695
9352108
9359735
9358854
9354971
9356066
9359291
9352920
9355837
9355328
9355420
9357985
9353210
9354077
9354990
9358273
9356048
9355127
9351917
9359414
9356861
9359190
9359634
9354505
9354934
9356829
9358189
9353446
9359546
9353234
9353028
9352179
9353348
9357506
9357217
9359134
9354018
9354317
9357651
9351911
9355509
9355421
9356092
9354874
9355728
9358521
9352011
9352435
9354068
9359142
9351863
9352109
9353041
9356056
9355762
9353692
9354154
9357976
9357424
9357551
9353101
9353290
9359417
9356378
9359430
9356952
9352068
9359146
9355841
9354542
9353350
9358053
9356724
9353038
9354126
9358457
9358509
9359184
9357658
9359273
9353395
9354052
9351872
9357169
9356617
9352491
9354258
9351940
9355989
9356072
9352208
9357202
9352492
9359002
9354902
9358466
9354701
9359807
9355630
9356610
9352314
9354485
9354548
9352822
9359565
9354617
9354716
9357033
9357382
9355838
9354152
9352936
9358518
9359203
9358229
9352727
9358506
9359542
9355518
9355438
9356226
9357158
9354296
9352928
9351977
9356322
9353819
9354599
9354764
9358665
9352619
9358570
9355069
9355309
9353233
9352960
9354955
9358339
9355374
9356729
9352898
9353083
9359377
9354868
9356210
9353309
9353962
9354427
9353587
9355959
9354974
9356090
9358876
9351714
9354421
9353590
9352694
9357315
9353213
9353435
9359587
9355691
9359109
9359562
9353442
9352012
9358359
9359690
9352297
9356739
9358742
9355293
9357263
9353571
9352219
9352234
9353321
9355591
9356146
9354113
9357043
9358961
9352508
9352457
9358504
9355712
9352241
9358016
9357122
9357827
9354053
9357876
9353715
9358018
9355899
9357320
9354881
9353682
9355033
9358816
9355203
9356287
9357690
9356001
9352430
9352239
9353422
9357625
9354022
9352986
9353306
9353195
9353145
9356337
9354396
9357379
9358517
9353628
9353880
9355919
9356508
9356368
9356262
9356539
9358332
9355555
9357190
9357893
9357950
9355430
9351966
9356203
9356587
9356409
9352309
9358044
9353283
9358500
9357141
9352001
9351781
9352258
9352953
9357817
9352823
9357301
9354873
9352534
9352253
9356472
9358139
9358346
9353475
9353670
9352614
9357600
9355815
9355929
9351726
9355143
9352182
9353723
9355786
9355101
9359836
9351808
9359732
9358680
9359609
9352495
9358242
9352930
9356720
9352585
9353224
9356844
9355059
9359090
9358130
9352661
9357861
9358919
9353031
9352081
9354373
9351735
9353854
9358385
9357736
9358078
9352135
9354459
9357273
9353735
9355912
9357260
9356189
9354208
9355114
9352747
9354731
9357921
9355212
9351924
9358613
9355755
9356652
9358476
9359219
9358232
9358770
9351968
9357576
9356099
9353462
9354937
9352064
9352984
9355372
9353531
9354216
9356050
9351795
9358432
9353593
9354318
9358877
9357068
9353261
9359842
9352846
9353275
9359152
9353677
9352974
9354600
9354727
9358808
9352556
9357290
9351749
9357294
9354250
9355546
9357487
9353127
9354941
9356827
9353397
9359471
9358869
9357451
9355714
9355060
9356047
9354076
9355165
9358996
9354774
9353863
9352235
9359550
9357454
9352799
9357255
9356737
9355041
9356886
9352879
9354045
9356228
9354254
9352342
9359795
9351819
9355556
9352152
9356697
9356215
9358345
9354490
9354595
9357339
9355749
9358679
9353795
9353340
9358162
9353209
9354966
9359793
9359009
9355570
9352925
9359436
9352252
9357299
9353984
9353701
9358263
9356936
9356997
9357958
9354209
9356485
9352708
9352445
9357121
9353589
9359734
9355963
9353612
9359088
9356568
9359639
9352447
9359286
9358667
9356451
9356126
9354139
9351971
9352148
9356688
9359027
9358342
9358805
9355347
9359175
9359468
9353727
9355645
9351898
9354860
9354508
9358889
9358223
9359480
9359096
9353022
9353899
9352851
9359026
9352399
9355666
9358392
9353679
9353903
9356083
9355479
9359274
9355088
9359117
9352250
9359643
9355039
9357215
9355606
9355944
9357786
9355206
9358714
9355442
9352617
9358141
9357598
9354640
9352523
9354820
9354739
9354223
9352015
9357541
9353892
9353793
9353448
9359725
9359651
9353568
9353081
9355229
9358101
9355885
9355272
9355305
9355360
9357929
9353955
9354147
9358894
9359460
9356513
9352006
9353356
9357626
9353013
9354295
9354964
9351683
9355796
9355200
9357780
9353968
9358547
9358545
9356796
9354864
9356839
9357156
9354927
9351689
9354199
9356367
9359716
9357610
9351930
9358738
9358002
9357016
9351949
9354942
9354323
9357183
9353334
9352359
9353194
9351928
9354690
9352455
9356206
9359691
9355580
9354669
9358628
9351750
9358180
9355260
9351783
9354712
9353725
9358744
9358516
9359501
9355284
9358277
9354618
