8318162
8318962
8317283
8314740
8316578
8321834
8313908
8314292
8317460
8317513
8315939
8321048
8320722
8316205
8320149
8313950
8313863
8317770
8315596
8321688
8319427
8315074
8321856
8317455
8314944
8316765
8313321
8321636
8315781
8314570
8316051
8317865
8319869
8318364
8321877
8316307
8314616
8315780
8316410
8320210
8313930
8313914
8314032
8319017
8318752
8317783
8314092
8321619
8321091
8313557
8319370
8315573
8317125
8314008
8318673
8313760
8317666
8320167
8317033
8319614
8317352
8315315
8321134
8319562
8316998
8320806
8320053
8314566
8314739
8319848
8319519
8318933
8316840
8319766
8321996
8319916
8314577
8317523
8315658
8320719
8314722
8314066
8316614
8320319
8321696
8315908
8318239
8319260
8313133
8321851
8315410
8314122
8313118
8313707
8321194
8313072
8313697
8317799
8314062
8319243
8319586
8320370
8316572
8320813
8317022
8321240
8320788
8318632
8318772
8314437
8320003
8317371
8317849
8319441
8316237
8317387
8318917
8319025
8320738
8320036
8315849
8320271
8313745
8317566
8320654
8320379
8317347
8318054
8321312
8319530
8317784
8317502
8321456
8315322
8317747
8315680
8321848
8313335
8314277
8318849
8321656
8320407
8315529
8317378
8320611
8321224
8317718
8314968
8314781
8320075
8316744
8314931
8317563
8313764
8320126
8319297
8316479
8313142
8319652
8320927
8317878
8313297
8321752
8315430
8315786
8315443
8315879
8320988
8314082
8313588
8316452
8316914
8317074
8319166
8321536
8319699
8318419
8320637
8316298
8317984
8314964
8321470
8313769
8316835
8316862
8315660
8315195
8317078
8313595
8321028
8314011
8319326
8319046
8316233
8314512
8319934
8319227
8315091
8315085
8314157
8314974
8315297
8318107
8319753
8321723
8316663
8318685
8315100
8320382
8317055
8317572
8318654
8313515
8314679
8321525
8316764
8317099
8316817
8315530
8321979
8313399
8319252
8320560
8321865
8316486
8317135
8317411
8321005
8318165
8313475
8317894
8313193
8314274
8319880
8315456
8317479
8316472
8318019
8318975
8318684
8315284
8318879
8317535
8319159
8318830
8317180
8314677
8321011
8319206
8320701
8314580
8321053
8313415
8317314
8318377
8315615
8319695
8321201
8320579
8320196
8320732
8317001
8315984
8313637
8313320
8319286
8321509
8320476
8320971
8318897
8318118
8317431
8317861
8316373
8320430
8315938
8318035
8317255
8317665
8318382
8320482
8315404
8315999
8320240
8313527
8318523
8320260
8317098
8319709
8314366
8321209
8321465
8313370
8315267
8317619
8321080
8315454
8315983
8313698
8316475
8319794
8315464
8319775
8321529
8321991
8316885
8315155
8317134
8319355
8315664
8316587
8320475
8315321
8319026
8316240
8315535
8317181
8317816
8313083
8315062
8313255
8318194
8315833
8317248
8315426
8320714
8321384
8321440
8313325
8316167
8313238
8318338
8320461
8315265
8314816
8316247
8320944
8319263
8314496
8321931
8320117
8319511
8313093
8321447
8313935
8318904
8321199
8316935
8315978
8319646
8315307
8318616
8317396
8320158
8319213
8317607
8316175
8314491
8316741
8314889
8319838
8315571
8316014
8320284
8316245
8321570
8320332
8319232
8320434
8313167
8319638
8317379
8316537
8314973
8320144
8319878
8315994
8320910
8321283
8321351
8314688
8318378
8316152
8316816
8314970
8321238
8318166
8321639
8316260
8314247
8319138
8320420
8318583
8321379
8317191
8315340
8316252
8318373
8320058
8315796
8319375
8320610
8315618
8321454
8313168
8319617
8316839
8321160
8317162
8316988
8316683
8318618
8321227
8316456
8321268
8320612
8321325
8319793
8319481
8318064
8321056
8316656
8319811
8315813
8320391
8317481
8320329
8315649
8317782
8314162
8319876
8321601
8321405
8318440
8320764
8316336
8317993
8320547
8317480
8315731
8318348
8316643
8316972
8315174
8318006
8317132
8314111
8316581
8313172
8318270
8322023
8314820
8314227
8319814
8316082
8317193
8315171
8321921
8318533
8315299
8321347
8320170
8313318
8317498
8321036
8318549
8318717
8319886
8319401
8317400
8314790
8319218
8318434
8318728
8314627
8316554
8318739
8321783
8313535
8319156
8321780
8319704
8317629
8315028
8321272
8313701
8319615
8316758
8315183
8314398
8317514
8320906
8313580
8318425
8321495
8314208
8318087
8316856
8317879
8316344
8317817
8316515
8317834
8316384
8314531
8317341
8318296
8313310
8321259
8317658
8319044
8321506
8316793
8317188
8315764
8315733
8316056
8315079
8318783
8317337
8313257
8313917
8314628
8314269
8317901
8314535
8314192
8320704
8317338
8321939
8319569
8316882
8316866
8316904
8313188
8315803
8318788
8317265
8318981
8319729
8316397
8313691
8316732
8320542
8314386
8314728
8318427
8314764
8316991
8314318
8317610
8320183
8319678
8320916
8318285
8314091
8317668
8321250
8316487
8319096
8317945
8321459
8319593
8321339
8321179
8320398
8317140
8321104
8315393
8320975
8318794
8318394
8314754
8315724
8314553
8313538
8314855
8318126
8321066
8317537
8314050
8319219
8315708
8316709
8314209
8317240
8321230
8321957
8316294
8314815
8319701
8315471
8314631
8316196
8315958
8320585
8314058
8318449
8315164
8319855
8321700
8321679
8316126
8316613
8318274
8316445
8320153
8318556
8318605
8313359
8318789
8319268
8316886
8319978
8319308
8319643
8316275
8315389
8315384
8318030
8316341
8318499
8315684
8316590
8316248
8316066
8318007
8320431
8315418
8314487
8314140
8317964
8318867
8315444
8319920
8315534
8318670
8319476
8315114
8318008
8313460
8318510
8315007
8321797
8317115
8317368
8320826
8318666
8318279
8317490
8320432
8318611
8320314
8319642
8317021
8315725
8318596
8321672
8313171
8316868
8314041
8315657
8321401
8316217
8318591
8319741
8316810
8318368
8317424
8316155
8313900
8313545
8317060
8314078
8313104
8318248
8317004
8316509
8316197
8318809
8314903
8318918
8317258
8313926
8313510
8319153
8315230
8313486
8322024
8313275
8318371
8320619
8313524
8319100
8321643
8314027
8316978
8313246
8321043
8317893
8317129
8319342
8315377
8314427
8319086
8314917
8314951
8320636
8317772
8321747
8317864
8316076
8314401
8318243
8317271
8317897
8313464
8313720
8314938
8319717
8320459
8318172
8321505
8321477
8316802
8316847
8320672
8315323
8321620
8315196
8317023
8319918
8315822
8317640
8315360
8318990
8321913
8315525
8315639
8315542
8314636
8317510
8320881
8322001
8317794
8317385
8317118
8319673
8320947
8321745
8315313
8315228
8320227
8315917
8314276
8321061
8315207
8313235
8315855
8315025
8321212
8317969
8318154
8314813
8315223
8318680
8321538
8314047
8314543
8317675
8319352
8319856
8319253
8321683
8315157
8318241
8314803
8317426
8320974
8321161
8318269
8319663
8315244
8320693
8317936
8320374
8313234
8321579
8315874
8319382
8315601
8315533
8314942
8315286
8321019
8314175
8314096
8315562
8314861
8317473
8319661
8320526
8318524
8321802
8315914
8315303
8317525
8318056
8320501
8321335
8313184
8320128
8315278
8316309
8313778
8317757
8320028
8317296
8315986
8321165
8317775
8321822
8321366
8313562
8318399
8313388
8316234
8320466
8313106
8319658
8320428
8314940
8314191
8320954
8313204
8313875
8316349
8313792
8313127
8313901
8314874
8317589
8319716
8313799
8316266
8320748
8316693
8315145
8320807
8314482
8321394
8316569
8317681
8321315
8314887
8315872
8321025
8321042
8316875
8316204
8315088
8317835
8314896
8314727
8318363
8320676
8317452
8321423
8316557
8315853
8317212
8321883
8314969
8322031
8316905
8318289
8316785
8313504
8319872
8315150
8313462
8314609
8316330
8313182
8318878
8316465
8314611
8320687
8321418
8318955
8314309
8314196
8317328
8318901
8313382
8317684
8317601
8315686
8316843
8320877
8317611
8320674
8319910
8317077
8319798
8321006
8320343
8319144
8319526
8318374
8318561
8314653
8318245
8314168
8315335
8318687
8315142
8315104
8321016
8319609
8314009
8314500
8316633
8317914
8319398
8319484
8321412
8318715
8314098
8322047
8316145
8313428
8319959
8315922
8321132
8316259
8315446
8319312
8316735
8316110
8315429
8313583
8319040
8320894
8316354
8316351
8319158
8321549
8316548
8321365
8321277
8319927
8319053
8319732
8317928
8317869
8315736
8316940
8318473
8314658
8319310
8318775
8319215
8316316
8316213
8320657
8317049
8317168
8317695
8313149
8321426
8317410
8318748
8320286
8316108
8319400
8315387
8314363
8317414
8313279
8321070
8316865
8317051
8319966
8318408
8319858
8316665
8315061
8314425
8319216
8320493
8314015
8317717
8314368
8314087
8314876
8316833
8320209
8319417
8320866
8316085
8320082
8314397
8318628
8318250
8316508
8319468
8320035
8317237
8316562
8313566
8317279
8315141
8318119
8319685
8317335
8320793
8317982
8313878
8313079
8317369
8319897
8319892
8319091
8319544
8320488
8319778
8321024
8315478
8313174
8317486
8314462
8320692
8315470
8316450
8321181
8320229
8319780
8318175
8321952
8314033
8319888
8316638
8313893
8317910
8314900
8321807
8317216
8314262
8316468
8315479
8314588
8313582
8319861
8313361
8320497
8314228
8320179
8319328
8313340
8321511
8318766
8315147
8320536
8321777
8314365
8319510
8313217
8321215
8313551
8317037
8317760
8315097
8316878
8321415
8317553
8313750
8315081
8320404
8319341
8316303
8320702
8316481
8319097
8317577
8315308
8315567
8317361
8316018
8318230
8315575
8317547
8317932
8319356
8321813
8321878
8315063
8315285
8316724
8313621
8317172
8315447
8316806
8313665
8321548
8320885
8316702
8315194
8317918
8321668
8313291
8318836
8314477
8319002
8315325
8317707
8317951
8313132
8314443
8313419
8314825
8314862
8319301
8317310
8319089
8316379
8315667
8316043
8319090
8315768
8313357
8313824
8322032
8318546
8318163
8315998
8315475
8315738
8316089
8315349
8314930
8316202
8318637
8314118
8318433
8315481
8320506
8317574
8314891
8315474
8317108
8319396
8320845
8319806
8319364
8319740
8318700
8316892
8317280
8317719
8317307
8315515
8320728
8319490
8318258
8318048
8316712
8314392
8320527
8320993
8316684
8315919
8320411
8316822
8320409
8314837
8315039
8316524
8314571
8315976
8317323
8321245
8316521
8316372
8321757
8318010
8316430
8317034
8320669
8319316
8318005
8319997
8314706
8317802
8318272
8316753
8320895
8313552
8314161
8315102
8315092
8313711
8314554
8317767
8313397
8316819
8319170
8317778
8313181
8319698
8320044
8320802
8316232
8316432
8320085
8317505
8313667
8316714
8313066
8313946
8320301
8314918
8313189
8320966
8314422
8320578
8315065
8315095
8317000
8319320
8313958
8318065
8316934
8315582
8318838
8318136
8321963
8316077
8315260
8316406
8320002
8321458
8318945
8319664
8318074
8319666
8314501
8318887
8320389
8318418
8320230
8318660
8319057
8321625
8317995
8320905
8317560
8314651
8316261
8317827
8317201
8316964
8317165
8320879
8314187
8314700
8316682
8320770
8314601
8319350
8314488
8316016
8314827
8314306
8321903
8314547
8321308
8315415
8319795
8315462
8319954
8319679
8316869
8317210
8318314
8319952
8321197
8314073
8316019
8316364
8318472
8318122
8319043
8320752
8321274
8319081
8314089
8318506
8321551
8318777
8319955
8319319
8321535
8313927
8316109
8314417
8321615
8315963
8319647
8317475
8316064
8313995
8321942
8321775
8319430
8315357
8317508
8319629
8321416
8321441
8318828
8313233
8315903
8314070
8315008
8319687
8318357
8316767
8321988
8313539
8317474
8320388
8319523
8314498
8315936
8321077
8316434
8321039
8314888
8313656
8313216
8321718
8314021
8314898
8320700
8319472
8319224
8316908
8317623
8315915
8314207
8314081
8315372
8321491
8319600
8313678
8321236
8315866
8320032
8320713
8318860
8314527
8316093
8317758
8320976
8313897
8313473
8318785
8319177
8314128
8318758
8319359
8318691
8320046
8320397
8316328
8316626
8317418
8316690
8315689
8321998
8319726
8319841
8320306
8313890
8315845
8318889
8314497
8315702
8314123
8313302
8314633
8320169
8320222
8321382
8314676
8313517
8316008
8316067
8313482
8316783
8316721
8314990
8317524
8321489
8318763
8314149
8313372
8317958
8314395
8315715
8316230
8321558
8315721
8314454
8314993
8317850
8321714
8318597
8317606
8317656
8318070
8320368
8321280
8316125
8313737
8321198
8315042
8319466
8320534
8318877
8315330
8318320
8315509
8314843
8319823
8314996
8319907
8319199
8317872
8313940
8318234
8321362
8318888
8317427
8318092
8319020
8314469
8315554
8316012
8315640
8315893
8315466
8316229
8316314
8318247
8317493
8320207
8317868
8316631
8316034
8319694
8321314
8321267
8317588
8313700
8317139
8319450
8317576
8315320
8318047
8316719
8318288
8321959
8314567
8315539
8315083
8320941
8316177
8318947
8317528
8314753
8313383
8321664
8316135
8319238
8319857
8319257
8315644
8319748
8320220
8318224
8315449
8313912
8321563
8321554
8318086
8319035
8316890
8321037
8315670
8316199
8316775
8317463
8315508
8317064
8319409
8317649
8319099
8313938
8318890
8321188
8321003
8318268
8321546
8320194
8318104
8315864
8317228
8316870
8314811
8318587
8321234
8321487
8320102
8318448
8316897
8320588
8313726
8316526
8317256
8319028
8313752
8320283
8319601
8320054
8320852
8317713
8315261
8317303
8313521
8320401
8315842
8320532
8315054
8317109
8319294
8319536
8313554
8316212
8317639
8313970
8316780
8321142
8318188
8314170
8317324
8315408
8315714
8320425
8315701
8321231
8315053
8318151
8313994
8314668
8321521
8320817
8321445
8316337
8314457
8315566
8313222
8313608
8313972
8319331
8313724
8320080
8319894
8317701
8314069
8314576
8321982
8313654
8313732
8319182
8316285
8314630
8315468
8313847
8319019
8319783
8320282
8313292
8316004
8320376
8319762
8315219
8321208
8320662
8321728
8321157
8314241
8319230
8315760
8320198
8319747
8316342
8316250
8319900
8321638
8321492
8314922
8315759
8316053
8317318
8315790
8315884
8321345
8313727
8320063
8321355
8320848
8320880
8319958
8320380
8320651
8318135
8316669
8321098
8313743
8318091
8314591
8316809
8314237
8315212
8313862
8315574
8314068
8318992
8317016
8317650
8321873
8320631
8317416
8314181
8314644
8321893
8319324
8315180
8315326
8316903
8316062
8320986
8321342
8314202
8320671
8315111
8317915
8317085
8320882
8321004
8315717
8313556
8315537
8319474
8321670
8320004
8313212
8321816
8316743
8321513
8314147
8319073
8321902
8318417
8313280
8313293
8321081
8318544
8315359
8319327
8317327
8321497
8321183
8315921
8317340
8318998
8320467
8313623
8314696
8317239
8319292
8313828
8313573
8321256
8315712
8317813
8313267
8316312
8315857
8313963
8320257
8313336
8320104
8313489
8316411
8316734
8316520
8316037
8318505
8314963
8320950
8315139
8320150
8316437
8315819
8313111
8316223
8315536
8317331
8314141
8315018
8320417
8315981
8320269
8315512
8318465
8315944
8320216
8320554
8320860
8320490
8318079
8314176
8320400
8313627
8316522
8319875
8319630
8319423
8316320
8317116
8320868
8320898
8321765
8320666
8320495
8321975
8313781
8316983
8313200
8317292
8313632
8316836
8315450
8320020
8319066
8319169
8318821
8314544
8317068
8316728
8313178
8320862
8315411
8314057
8318210
8314562
8316391
8321481
8319946
8315634
8315901
8315605
8313485
8314882
8314709
8321782
8321771
8318426
8321393
8317983
8321469
8320688
8316413
8321368
8318404
8320594
8321041
8318527
8314594
8313331
8315995
8318109
8316235
8317877
8321252
8321901
8317263
8314377
8320300
8315015
8314193
8318386
8314541
8321278
8320792
8313569
8317740
8317469
8318221
8317952
8314127
8321888
8314136
8315746
8321449
8319942
8318710
8320842
8321110
8317696
8319739
8314545
8320939
8314432
8319471
8316363
8314795
8319388
8321430
8315407
8320041
8318303
8318402
8319965
8313871
8320553
8320680
8315499
8318722
8314219
8320157
8314999
8320396
8314705
8313593
8315235
8313823
8314788
8315613
8316777
8315742
8315710
8321474
8313203
8313526
8318216
8318349
8316962
8316377
8313343
8316800
8315432
8321602
8314358
8314809
8316149
8316670
8321253
8315413
8320606
8321369
8316895
8320957
8314775
8318401
8314430
8314641
8315979
8313536
8315337
8320893
8318098
8313227
8318979
8321432
8316600
8320706
8316361
8318153
8319200
8314447
8313635
8320265
8319930
8321561
8318892
8318643
8314689
8315279
8314901
8321471
8318723
8314697
8319640
8321722
8321226
8318935
8317432
8319056
8315828
8314403
8321130
8316760
8318900
8319714
8320181
8314308
8316258
8321324
8313239
8316378
8314612
8316544
8320605
8319168
8314029
8313783
8316195
8317518
8320045
8316752
8320934
8316575
8314474
8317150
8317083
8318024
8318103
8319160
8317089
8321170
8320480
8321812
8313131
8314738
8318884
8320766
8319152
8321310
8321801
8314244
8318389
8319428
8317090
8321193
8316151
8320415
8321123
8314489
8315560
8315362
8317690
8320494
8318097
8318111
8321533
8320640
8315690
8313649
8314866
8318512
8316718
8316534
8320859
8320677
8314295
8321064
8321575
8318156
8313907
8315540
8321968
8314724
8318486
8322003
8318839
8314581
8314802
8318366
8321910
8317715
8316722
8319451
8316083
8318428
8316630
8320565
8316156
8320598
8315519
8320780
8314782
8313846
8315617
8321317
8316088
8318574
8320987
8317267
8321841
8315192
8317095
8316054
8321698
8317947
8314272
8317442
8321184
8318927
8313213
8320627
8317660
8315166
8317081
8319494
8313805
8314561
8317885
8314652
8314182
8315735
8320019
8321823
8315837
8319515
8319542
8321190
8314343
8316598
8320433
8318934
8317788
8317054
8315815
8319023
8313265
8316218
8318140
8316605
8313337
8315422
8318215
8320668
8321985
8314514
8321263
8316592
8320634
8321414
8320858
8319459
8319791
8314484
8319689
8319812
8320917
8314583
8320629
8315232
8315433
8319641
8313381
8315121
8315186
8318540
8317359
8318745
8317823
8321290
8317636
8320345
8317781
8313326
8317203
8314927
8316334
8321202
8313253
8321655
8315795
8321740
8316087
8317353
8314858
8318481
8316071
8314490
8317536
8315791
8315305
8315251
8320997
8314610
8321127
8321824
8318711
8318743
8320103
8318340
8319037
8316791
8320832
8313859
8313405
8314390
8313186
8321522
8316360
8314552
8320964
8320622
8316685
8316040
8316778
8313751
8313993
8317689
8313843
8319141
8315281
8314623
8319594
8318228
8318893
8318483
8315503
8320037
8315347
8318435
8314048
8318459
8316761
8318199
8315816
8315026
8321914
8321557
8313782
8320446
8321540
8314836
8317687
8316425
8314774
8314204
8319504
8316044
8316209
8318606
8321755
8319860
8317743
8318824
8321835
8319541
8315248
8315428
8317484
8318870
8313864
8316137
8318678
8316582
8315020
8314744
8315494
8319571
8314393
8318397
8318381
8319149
8321953
8317726
8316555
8318676
8319815
8316462
8320724
8313425
8315033
8321207
8318528
8314121
8314707
8313591
8314303
8321786
8313622
8318170
8319376
8320464
8313757
8313431
8318588
8321299
8316609
8318181
8316610
8317308
8318944
8321541
8321600
8320618
8315850
8320635
8315603
8319987
8318831
8317811
8314659
8315379
8321858
8319582
8318974
8319304
8321151
8321216
8319482
8313223
8314076
8320221
8318144
8319767
8319249
8320980
8313261
8320369
8316650
8314634
8316877
8321012
8318127
8316400
8321651
8317195
8317063
8321916
8315951
8320529
8314648
8313499
8316939
8318797
8321830
8320262
8320140
8319758
8317146
8320135
8314060
8321182
8322020
8318852
8320829
8319755
8317504
8321642
8320154
8320958
8315127
8318802
8315636
8318346
8319111
8313714
8317561
8313245
8320815
8313259
8319692
8315565
8321133
8313797
8313945
8315598
8319781
8314650
8315531
8314197
8320926
8313452
8319236
8316193
8317207
8317677
8321115
8318275
8321211
8319362
8314789
8322048
8317889
8315766
8315118
8322010
8319722
8317192
8320938
8315363
8317840
8321613
8314212
8317786
8315581
8317900
8315072
8317780
8314890
8316637
8315032
8320018
8320450
8314108
8321681
8321087
8316872
8320303
8313988
8318280
8319114
8315532
8313810
8315681
8315895
8317374
8321980
8321630
8318742
8319945
8318695
8316160
8317319
8317585
8313408
8313965
8321796
8315656
8313849
8318508
8317213
8316922
8314038
8313987
8314316
8315971
8321658
8321607
8313868
8315388
8319595
8314408
8313078
8318039
8316926
8315125
8315545
8321843
8319577
8319389
8319399
8318952
8314120
8320200
8321935
8315802
8318770
8313436
8314939
8319110
8321635
8320187
8318829
8315577
8321086
8314569
8313437
8317633
8314657
8319527
8320837
8315246
8320830
8317742
8316426
8316549
8313294
8314573
8321756
8320274
8317904
8320524
8314656
8321444
8321321
8321221
8313550
8319507
8315597
8321094
8321420
8320336
8316552
8322011
8313090
8319265
8319999
8316667
8316399
8321933
8315894
8320777
8320775
8315792
8315669
8320358
8321333
8313479
8318727
8314985
8315763
8316032
8320247
8314472
8317679
8320326
8315557
8315253
8321881
8314486
8321684
8315122
8315161
8319799
8319528
8316147
8319256
8315434
8315672
8313496
8318921
8318468
8314139
8314692
8318729
8320930
8316326
8321200
8315342
8321303
8319148
8318568
8317362
8315970
8316409
8320273
8316003
8320576
8313563
8313753
8321726
8315942
8321701
8315949
8313768
8318805
8313143
8319464
8313519
8313163
8319803
8314133
8320239
8313484
8316332
8319919
8316251
8318844
8320342
8313584
8317937
8320017
8321827
8315504
8316874
8316164
8322035
8314311
8321084
8315748
8314615
8313146
8321284
8318495
8318081
8316013
8315343
8317963
8314674
8319462
8321608
8319558
8321122
8321875
8320105
8320228
8314555
8313609
8316242
8317276
8316288
8313085
8321408
8316504
8316968
8316227
8321026
8318479
8320696
8319192
8317564
8318447
8313198
8317010
8314682
8318547
8320884
8321831
8319826
8319420
8318818
8313334
8314534
8321185
8316005
8314107
8320561
8313330
8316180
8314085
8320099
8320118
8313084
8319711
8316801
8316792
8315806
8318937
8315812
8320481
8315835
8316327
8318253
8317114
8314605
8315783
8314452
8319996
8321591
8314994
8316974
8318190
8314260
8314402
8321424
8319011
8318453
8314252
8317876
8320350
8315673
8321587
8319365
8317881
8317664
8321510
8313422
8316171
8316031
8315096
8321706
8315213
8317025
8322034
8321627
8316954
8315119
8320443
8313586
8319518
8319487
8318033
8316449
8321214
8316951
8321329
8313602
8321022
8320079
8319772
8316727
8313928
8320405
8314325
8314270
8315425
8319346
8318322
8313443
8320741
8319282
8320378
8321363
8318353
8318018
8318089
8316448
8316038
8316144
8314550
8318040
8316664
8314420
8317478
8315808
8319498
8320479
8317334
8318060
8316446
8317644
8320632
8320615
8318271
8319276
8315312
8316380
8319295
8318920
8315608
8317691
8317274
8319636
8319773
8320321
8317231
8314146
8316267
8321305
8320071
8318688
8314737
8319964
8321307
8319064
8321693
8316439
8316041
8321965
8321940
8318439
8321919
8313177
8318658
8321847
8321839
8320683
8321892
8313211
8321595
8316925
8321648
8321257
8321233
8320489
8315913
8314693
8317145
8314508
8319204
8313985
8319273
8320455
8316814
8318220
8319713
8315931
8313628
8319537
8314406
8316938
8315737
8315513
8317382
8316952
8317091
8313826
8321095
8315912
8316001
8318584
8318872
8315457
8317349
8318847
8313161
8320519
8315477
8314625
8318619
8314701
8317700
8317793
8320390
8314649
8319071
8319992
8313466
8319763
8322046
8318922
8319821
8313675
8318930
8321281
8317468
8320008
8321496
8320517
8317863
8319899
8318923
8318178
8315926
8315940
8316420
8316560
8313835
8314773
8321526
8315004
8318864
8320851
8314064
8317364
8315350
8320659
8315469
8321720
8321475
8318128
8313345
8319547
8316441
8316163
8321989
8321674
8321049
8315329
8321772
8321217
8319072
8313414
8313684
8319391
8318211
8321153
8316929
8317712
8314449
8317521
8316418
8314200
8321564
8317725
8316583
8313369
8315524
8313672
8313120
8321341
8314745
8314804
8316642
8314595
8320330
8316688
8317545
8315638
8316705
8315047
8314301
8313520
8317988
8314061
8319557
8315682
8319336
8321206
8320846
8314476
8318625
8319021
8317104
8318573
8316694
8320217
8313695
8319101
8321027
8319198
8320394
8313653
8318928
8314044
8319801
8319306
8318050
8314428
8320317
8318260
8315202
8318702
8320998
8320012
8315544
8318069
8318204
8320393
8318367
8319693
8320176
8319303
8318430
8313175
8319887
8313444
8318825
8321849
8317235
8313533
8319885
8317917
8314330
8317512
8320816
8313206
8317680
8321923
8321350
8315643
8319936
8320132
8315789
8317485
8314847
8315510
8314310
8320424
8318569
8316730
8318792
8316507
8321349
8316512
8320601
8317419
8318195
8313323
8318406
8316100
8319865
8321410
8318894
8317269
8318257
8313324
8320197
8320092
8319244
8314950
8319968
8319228
8315586
8318000
8316628
8317284
8315214
8314154
8318116
8316678
8314375
8319018
8315058
8320277
8314049
8319743
8320970
8319363
8313687
8316933
8314687
8320241
8321390
8318942
8317462
8316941
8318189
8316942
8316834
8317447
8318246
8317538
8321399
8317899
8314958
8315646
8315851
8316502
8319720
8316528
8313430
8313530
8318335
8317019
8321294
8315635
8317886
8320685
8314483
8317169
8318218
8318350
8317600
8317052
8314465
8316561
8313155
8321291
8313105
8315403
8314245
8314240
8317433
8317375
8321251
8319598
8318749
8313600
8317477
8316995
8318873
8318562
8316427
8318563
8318470
8313688
8317329
8315729
8313218
8314510
8313290
8313613
8314533
8319889
8318516
8320152
8320655
8314234
8315920
8321476
8316860
8318445
8318093
8317409
8318593
8317557
8317655
8314828
8321443
8316359
8320473
8319851
8320184
8320472
8313735
8315385
8315891
8314083
8316311
8313531
8317156
8319095
8321120
8314714
8313820
8316708
8320575
8314250
8318730
8317720
8321697
8314546
8313332
8313179
8317887
8316674
8321805
8319790
8320609
8320559
8314558
8316762
8316710
8318595
8316322
8317251
8313358
8318614
8321604
8320360
8320295
8315841
8317451
8316611
8319133
8317739
8315794
8321479
8320759
8318213
8314145
8317489
8317163
8314317
8316577
8316483
8313888
8315498
8314467
8315249
8315341
8313319
8321994
8315755
8321973
8321106
8318284
8313896
8318697
8313532
8313226
8313992
8314613
8315832
8321906
8316795
8317131
8318302
8318176
8315436
8313254
8316101
8316660
8317182
8319061
8315722
8313840
8319334
8319235
8315238
8313342
8317178
8318598
8317415
8321770
8314134
8320373
8319905
8318105
8319742
8318959
8315019
8315997
8313655
8314992
8320351
8316435
8313818
8317417
8313296
8318861
8320521
8313886
8321520
8321436
8321930
8313744
8318179
8313461
8320106
8319447
8313779
8320538
8313712
8313534
8319288
8314906
8320412
8316604
8317244
8320413
8315395
8316060
8319607
8315137
8314002
8313376
8318519
8318650
8315946
8318822
8316966
8317852
8318444
8319606
8317946
8315006
8321612
8318362
8314757
8321429
8321593
8316559
8313660
8313780
8318480
8318423
8313883
8319924
8313889
8316997
8318956
8315264
8319868
8321047
8321964
8314957
8317971
8316754
8318511
8313793
8317316
8317202
8314288
8316428
8314006
8315023
8320844
8313159
8320761
8315788
8317792
8316482
8317667
8317305
8316879
8315648
8313208
8315338
8313073
8321174
8320562
8319347
8314456
8316368
8313087
8318617
8320694
8317302
8316274
8319708
8313458
8314077
8316686
8314548
8316711
8319565
8315628
8318345
8316086
8320921
8320746
8316956
8319559
8315170
8313542
8316852
8316189
8319455
8320242
8318693
8320760
8317293
8315226
8313942
8321446
8321482
8316825
8316657
8318542
8317233
8318706
8321088
8320786
8315847
8319697
8314075
8321646
8315620
8321269
8318462
8321196
8318517
8317941
8315556
8318267
8316190
8314216
8320831
8315038
8317017
8318732
8314516
8314808
8315448
8313773
8314834
8317624
8315621
8321002
8320465
8319094
8320043
8315198
8321438
8319259
8317346
8314086
8313250
8319405
8319995
8321789
8319279
8318025
8313075
8322037
8319828
8313855
8319938
8321836
8320346
8316358
8317173
8317384
8314568
8321785
8320232
8319164
8315871
8313729
8319075
8318539
8319052
8317543
8316173
8317015
8318223
8317013
8321905
8321716
8321763
8316073
8313194
8314100
8318866
8322039
8321867
8320933
8315117
8318800
8320667
8315784
8318675
8316401
8319162
8314312
8318488
8315056
8318068
8314287
8319879
8318235
8313224
8314928
8316808
8314138
8315135
8314126
8316820
8316961
8314412
8314991
8320081
8316924
8317890
8315576
8317750
8313154
8321059
8316731
8317507
8317997
8317800
8313604
8321927
8320483
8320352
8317822
8320653
8319950
8315706
8315928
8318080
8320363
8315898
8319039
8320823
8319833
8320607
8316946
8316896
8313500
8319438
8313241
8316608
8319605
8316652
8313081
8320584
8313459
8313201
8319088
8318490
8313804
8317875
8313410
8317929
8318442
8317663
8318558
8315327
8319143
8318627
8316134
8315782
8317120
8319491
8313581
8320218
8313121
8313852
8315138
8317745
8319700
8320614
8318411
8317938
8320309
8318522
8316153
8315112
8320961
8314415
8319281
8313966
8318536
8321018
8321074
8316055
8314519
8313501
8318882
8316339
8319719
8321657
8321057
8315579
8322021
8315044
8318477
8321304
8313614
8319635
8314478
8317430
8319076
8318099
8313433
8314517
8316957
8313553
8314327
8314749
8316208
8319381
8317578
8317806
8318203
8319961
8314458
8321372
8318736
8314892
8321708
8313858
8316270
8318209
8315693
8320421
8320628
8319004
8319322
8314190
8317461
8319109
8318757
8318653
8319321
8321519
8316841
8313147
8317981
8319343
8317423
8321150
8321689
8315191
8318886
8319949
8316624
8314419
8314251
8321744
8321225
8319208
8316033
8319610
8319769
8320602
8317754
8313829
8314135
8316811
8316104
8317848
8316002
8319733
8314383
8321450
8315282
8321419
8313953
8318545
8313677
8314155
8318767
8318055
8318205
8313339
8313968
8315904
8319513
8319782
8321961
8317137
8320419
8313990
8314857
8319584
8313906
8321483
8317138
8317702
8316020
8315910
8321398
8319816
8317736
8317880
8321743
8318469
8313924
8320123
8321871
8317093
8317392
8319522
8314248
8317724
8316699
8315762
8317909
8313409
8316570
8316226
8315333
8315507
8315113
8319957
8321109
8316207
8320143
8320919
8315467
8317912
8321566
8313746
8316715
8315987
8313351
8314715
8319126
8318965
8317955
8318602
8316453
8316994
8313836
8318819
8321907
8319863
8314881
8315867
8315493
8317749
8317437
8318355
8321574
8318977
8315037
8319305
8313612
8320096
8316647
8314742
8320681
8321313
8313421
8321125
8314184
8317966
8317569
8321882
8316321
8321741
8320698
8314042
8317435
8319463
8317846
8317506
8314291
8317288
8314005
8313704
8315779
8314384
8314824
8318773
8316139
8313341
8314690
8321528
8319932
8320038
8318441
8313976
8320812
8317243
8320502
8319436
8316295
8319870
8319402
8314102
8316627
8314094
8320729
8315543
8316170
8320587
8319210
8317659
8321944
8318915
8315057
8313922
8318626
8314203
8319293
8316893
8319032
8317113
8318149
8320072
8321581
8316366
8321178
8320782
8314735
8321029
8315502
8317824
8317766
8319984
8315564
8313289
8321400
8320074
8318575
8318294
8313230
8319333
8318744
8317252
8319543
8316025
8320638
8313813
8319108
8319411
8317200
8318869
8319311
8316148
8318240
8315383
8314838
8318370
8314932
8319580
8321498
8316606
8319770
8319488
8316568
8317454
8320869
8321949
8317363
8315988
8316921
8321046
8313821
8317979
8313592
8321687
8320051
8321031
8319552
8318520
8315076
8315067
8319277
8313765
8321707
8315505
8314761
8319751
8317106
8321162
8314090
8317076
8315381
8316224
8314072
8315272
8320771
8320907
8320055
8319250
8318991
8315743
8313705
8317189
8318058
8318471
8316306
8317262
8315296
8319085
8318342
8317721
8315767
8320371
8319752
8314925
8315856
8316984
8313867
8314731
8316864
8316861
8319172
8313395
8320642
8318392
8315098
8315459
8314010
8315066
8317773
8314426
8316292
8319970
8321114
8317470
8313641
8321798
8313448
8320264
8321705
8317954
8313272
8316902
8313140
8315245
8320381
8315314
8320819
8320048
8318022
8317694
8319274
8320439
8319862
8317126
8317297
8317818
8319953
8314758
8317153
8319287
8320290
8320086
8315324
8316815
8317088
8320083
8317974
8316179
8321311
8315611
8314361
8321784
8314158
8318343
8319796
8314043
8318594
8318145
8317916
8321632
8315705
8317853
8319873
8314206
8314423
8318560
8321694
8314399
8321435
8315666
8316773
8315080
8313643
8315185
8320291
8317491
8314578
8315745
8313709
8313664
8320304
8320871
8313080
8313308
8321711
8319822
8315332
8316174
8318075
8315179
8320278
8320936
8315600
8318360
8320785
8313474
8316970
8313232
8321136
8316564
8316407
8321316
8315401
8314551
8315677
8316282
8319014
8317511
8315274
8317855
8318421
8315602
8318970
8315414
8314022
8316615
8319592
8318090
8313759
8318738
8321556
8319656
8320787
8315134
8320620
8320736
8313164
8313375
8313937
8316506
8315231
8319882
8314980
8319354
8315064
8318642
8317270
8321103
8315405
8317579
8313467
8318787
8316867
8320840
8317645
8318859
8319805
8321248
8321815
8321633
8314929
8315777
8318672
8313494
8316454
8319754
8320801
8320735
8316651
8317069
8318207
8319969
8315262
8316469
8319012
8320597
8313455
8313130
8321920
8316191
8319496
8314926
8319819
8321030
8315345
8320178
8315516
8318996
8315593
8315750
8320665
8314485
8314844
8313772
8314036
8321640
8321364
8313089
8318863
8313377
8321107
8321463
8320097
8314905
8316022
8319896
8319049
8313157
8320896
8316701
8319030
8321776
8319501
8313165
8319534
8318567
8321559
8316749
8317810
8321676
8320779
8317176
8317661
8314214
8321191
8314178
8321135
8319247
8315907
8317996
8318112
8316586
8316619
8316057
8319871
8318062
8319718
8321328
8316510
8316963
8318541
8320530
8316421
8318369
8322051
8320981
8315107
8318347
8316906
8320912
8318475
8314710
8319583
8319951
8315255
8320276
8316844
8315275
8317365
8315590
8314438
8313981
8318803
8318482
8314673
8313432
8318354
8320571
8313107
8320969
8313617
8315295
8315869
8322015
8319187
8320205
8313505
8321819
8314937
8313980
8321266
8316986
8317841
8315419
8316757
8316095
8316842
8318299
8314074
8320372
8322006
8313673
8318283
8316390
8318297
8320781
8313362
8318164
8320289
8317070
8318351
8313384
8314231
8317394
8321692
8314666
8315355
8319846
8314013
8313567
8314396
8313514
8321273
8318321
8320791
8318106
8317698
8319553
8317571
8313546
8317710
8315514
8313205
8321322
8317957
8316299
8315029
8317465
8314579
8317245
8321007
8314685
8313371
8315311
8314678
8313647
8313833
8318046
8319029
8316433
8316028
8317898
8316215
8321852
8321501
8318682
8317062
8320709
8318790
8319850
8320151
8321437
8318252
8316345
8315369
8313920
8319809
8320268
8314177
8318704
8318812
8320531
8313668
8317501
8318132
8318855
8317225
8316249
8316096
8315607
8320162
8313666
8314976
8313344
8319358
8313457
8319121
8314502
8314846
8317960
8318707
8321825
8314504
8319325
8317751
8319416
8319485
8315834
8316677
8313141
8317862
8321186
8316884
8315578
8315197
8316818
8314799
8319317
8318801
8319254
8316771
8320172
8314975
8319852
8321060
8319237
8313832
8313585
8313276
8315496
8318941
8317748
8321984
8321730
8313512
8318713
8319683
8315647
8318623
8313939
8315276
8314522
8321677
8313071
8319041
8319669
8318804
8317122
8315549
8318814
8318620
8318432
8315368
8315151
8317838
8317609
8316464
8315550
8321219
8314750
8315390
8319657
8314268
8315778
8313273
8318219
8313955
8313502
8313791
8319444
8313176
8318576
8316536
8316210
8317991
8320684
8320171
8317987
8315726
8317965
8314794
8316985
8313561
8313077
8319176
8322036
8318416
8315203
8316553
8315818
8316499
8314883
8314960
8318051
8316158
8319161
8320633
8318474
8320772
8313650
8317042
8316074
8314618
8314796
8321507
8316551
8316739
8314849
8315397
8317488
8317036
8319173
8320718
8316045
8314948
8318652
8316102
8317554
8319195
8321699
8315017
8321971
8317006
8317986
8313903
8318936
8318026
8313355
8318124
8319979
8317534
8320341
8315547
8317542
8315754
8315367
8317688
8314169
8316302
8315870
8316623
8314172
8316654
8321078
8320006
8316238
8318503
8315969
8318073
8320224
8317603
8320727
8313237
8318731
8315129
8317673
8317592
8319369
8313952
8319514
8320513
8318603
8316272
8321665
8317130
8313392
8313798
8317752
8318391
8318896
8321631
8316159
8321576
8315653
8314065
8317515
8316447
8320354
8314702
8320322
8320030
8318339
8314806
8319132
8318780
8320596
8317306
8318719
8318898
8320720
8318633
8316340
8317630
8318840
8315162
8313577
8313611
8315838
8319150
8315718
8318113
8320617
8319063
8319407
8316505
8321550
8321577
8316716
8313951
8315592
8314748
8316849
8320828
8317056
8317357
8314642
8316776
8317107
8316831
8320908
8319313
8313725
8317803
8318762
8315960
8320514
8317446
8313426
8317832
8321486
8314663
8315168
8320418
8319120
8315040
8314281
8322022
8317531
8318926
8313598
8313740
8316673
8316010
8319497
8320690
8316460
8320211
8319960
8316501
8316565
8318011
8317847
8320754
8314012
8318004
8321894
8319621
8318577
8315982
8313679
8313777
8315068
8318029
8321232
8314461
8319912
8315773
8317351
8316625
8314354
8316142
8318857
8318254
8315373
8315382
8314459
8318238
8320849
8314532
8321391
8317443
8316338
8317044
8316015
8321433
8318686
8315283
8316404
8313513
8313802
8316026
8315416
8316348
8318885
8316584
8320839
8319300
8319665
8316048
8317449
8316881
8321532
8318489
8315709
8318413
8316150
8317942
8320013
8315964
8317121
8318317
8317222
8318384
8321922
8318968
8314054
8321833
8321117
8313401
8319691
8315293
8317272
8319677
8320703
8321517
8313508
8316027
8316594
8321100
8314143
8319903
8317551
8319986
8320973
8319533
8313860
8318949
8321000
8315559
8319093
8314183
8320544
8316629
8314823
8320959
8317994
8315452
8314537
8321569
8315787
8313328
8314413
8318196
8317065
8314540
8315961
8313214
8317884
8317330
8316128
8317399
8316746
8317300
8314137
8319329
8314424
8314258
8316036
8316356
8316789
8321553
8321388
8320093
8320737
8319676
8318677
8320903
8319597
8316011
8313910
8319299
8319384
8321887
8320445
8313630
8321908
8313263
8315830
8315491
8321606
8318501
8317771
8319338
8314708
8317136
8316829
8319163
8315902
8315744
8313404
8317028
8314131
8320523
8314841
8318507
8321371
8319116
8320800
8316790
8313138
8317544
8315992
8317565
8317154
8317164
8315224
8320874
8320353
8316049
8318148
8322044
8318924
8315687
8320367
8313446
8313411
8317608
8317753
8320299
8315376
8321846
8316646
8319735
8316616
8317807
8318764
8313251
8317167
8316024
8320202
8316431
8317059
8314267
8317067
8320327
8316937
8315483
8317774
8320112
8320094
8317111
8320427
8321309
8318807
8319036
8318906
8313491
8316293
8321113
8316080
8315511
8320686
8314294
8317735
8315688
8317326
8321082
8320364
8319864
8320440
8321242
8321731
8321544
8316748
8318027
8320168
8320762
8315937
8317024
8314734
8320478
8321588
8316766
8314979
8318400
8321641
8321375
8315882
8320711
8313417
8316960
8319566
8315865
8319535
8321478
8320814
8318751
8317992
8316477
8318608
8313731
8315176
8316281
8313747
8315484
8314493
8321918
8313766
8318286
8317317
8316519
8320069
8318768
8316977
8319901
8316725
8321451
8318525
8318791
8319671
8319715
8316527
8318532
8315094
8319449
8320909
8316786
8321790
8313909
8320593
8320850
8317921
8319637
8317457
8320302
8317558
8316585
8318083
8321360
8320066
8316876
8316455
8320673
8321460
8314582
8316745
8315952
8321319
8313540
8315604
8320139
8320541
8320549
8320311
8313723
8318665
8317500
8320107
8316981
8316392
8322041
8315366
8319653
8317637
8316931
8316162
8318390
8313150
8320462
8319186
8316065
8321392
8314662
8319493
8315016
8321911
8320841
8316987
8319622
8319178
8317309
8320133
8317229
8316105
8317152
8318622
8317795
8317599
8317403
8320861
8318052
8313619
8315965
8321008
8319414
8314445
8321387
8318158
8315394
8320569
8321062
8315089
8315130
8314037
8318493
8317450
8321241
8315916
8318848
8318328
8321404
8314370
8316976
8321977
8322049
8320305
8316707
8314053
8313183
8313064
8321609
8321370
8316529
8318160
8316424
8314741
8315751
8318072
8320548
8320078
8314232
8319840
8313929
8318774
8316206
8313651
8318101
8317839
8314201
8315217
8318078
8314470
8313525
8316350
8316097
8313076
8317522
8319323
8319205
8321373
8319585
8318108
8321097
8317196
8313537
8318759
8317756
8321343
8319581
8319895
8318696
8321265
8316176
8314230
8317264
8321890
8318509
8320188
8318845
8313137
8320949
8313853
8316403
8320581
8316591
8316461
8319193
8314760
8319410
8319505
8317197
8316072
8314067
8319898
8316200
8319764
8317699
8319408
8315619
8315473
8318656
8318331
8320077
8319613
8316769
8318960
8313299
8315761
8315943
8318985
8313634
8316993
8317913
8321854
8321246
8320252
8317354
8313329
8313633
8316692
8320334
8318833
8315163
8321565
8315406
8322038
8320423
8316859
8316168
8315661
8320546
8314079
8319520
8318379
8313817
8315292
8313838
8320416
8320426
8317581
8319988
8320731
8320145
8319985
8319839
8317406
8316636
8317241
8320349
8314148
8321925
8314433
8318841
8317053
8320833
8320108
8317383
8319705
8313610
8317959
8316804
8316488
8314770
8320294
8319397
8316331
8320362
8319981
8313441
8320259
8320182
8321678
8321229
8317706
8320743
8320940
8317344
8318222
8315402
8316697
8318647
8316873
8316442
8316658
8317539
8315243
8313971
8315954
8313680
8318307
8319080
8317851
8321628
8316375
8318102
8321090
8318201
8313814
8320454
8318799
8318531
8318708
8317711
8317705
8319439
8321288
8314572
8316720
8319330
8319792
8320865
8314387
8319392
8317159
8315517
8319217
8321622
8316138
8314947
8316222
8319009
8314023
8313260
8314313
8313789
8318263
8321111
8320682
8319570
8318387
8321407
8319209
8318566
8318206
8319059
8318993
8316798
8321552
8320658
8319891
8318304
8314173
8318601
8316907
8317048
8320624
8317373
8314807
8320470
8320716
8320745
8314503
8314144
8318674
8316513
8315144
8314924
8314253
8318589
8319500
8320050
8320552
8317141
8320767
8316948
8315152
8316687
8318582
8313671
8317949
8315301
8313311
8317905
8318262
8315739
8318276
8321753
8321955
8319154
8318698
8316928
8321146
8320856
8318422
8314695
8321691
8321860
8320935
8318457
8313180
8313470
8317871
8316112
8320047
8319248
8320456
8319645
8321872
8321013
8316094
8318130
8315521
8316704
8318292
8318599
8313396
8315804
8315753
8313386
8317304
8313587
8314953
8317728
8313316
8317844
8319707
8321222
8321583
8316949
8320203
8321318
8316214
8314907
8313266
8321568
8315695
8317785
8320873
8314639
8318868
8315972
8315840
8314759
8316668
8317628
8318741
8314592
8313108
8321804
8319650
8320914
8316696
8317103
8317976
8317605
8318635
8316653
8318396
8320790
8321164
8314584
8316192
8320751
8318398
8313389
8314479
8314299
8313390
8317184
8318875
8315120
8316389
8315439
8313287
8320253
8314529
8315785
8319548
8316219
8315022
8316211
8314246
8320359
8316915
8316115
8317555
8318121
8318929
8317299
8321270
8317924
8319371
8317654
8314376
8313092
8321874
8319789
8317789
8319433
8315354
8317791
8313902
8313640
8314441
8318914
8315271
8313095
8321832
8321966
8321331
8313219
8315848
8314602
8316216
8319589
8316788
8319820
8313748
8318552
8320256
8320965
8321981
8317278
8317205
8314711
8318464
8318001
8317009
8315651
8316607
8317738
8319933
8318157
8320608
8314971
8316346
8321144
8315078
8316323
8320660
8319599
8315580
8318994
8320315
8317931
8321610
8316419
8313787
8320822
8314831
8318851
8318491
8316068
8320990
8321032
8321671
8314439
8317683
8313268
8315699
8320757
8314223
8316634
8321210
8318264
8321096
8319261
8316079
8317367
8317080
8321195
8313925
8318518
8318856
8314638
8316597
8317436
8314619
8315240
8320942
8316310
8320644
8316484
8321396
8319654
8320033
8313435
8321358
8313096
8321044
8316845
8317520
8314378
8318862
8320042
8321863
8320469
8320505
8316913
8314293
8321934
8321108
8317568
8319058
8321938
8314117
8314587
8320015
8315883
8319508
8315132
8317892
8315630
8313365
8320243
8321377
8317439
8319922
8317285
8318529
8316362
8316182
8316118
8317895
8320292
8318876
8318169
8313904
8316078
8319787
8315465
8313708
8313086
8313683
8318041
8320946
8313839
8319477
8321586
8318725
8321669
8315588
8313192
8320890
8313228
8314860
8313304
8320867
8313160
8318332
8320753
8315440
8314549
8316641
8321411
8313398
8318300
8315756
8314756
8314389
8313686
8319024
8314095
8315801
8321192
8314686
8321472
8321067
8313800
8313692
8319913
8314769
8318298
8314039
8320089
8320201
8313998
8317812
8319372
8315637
8314909
8321512
8315131
8318301
8315839
8315807
8316296
8320928
8319278
8318259
8314040
8315221
8319283
8320641
8316969
8319188
8316466
8321247
8316680
8321993
8317643
8320567
8319038
8315929
8316532
8317082
8320878
8320900
8317843
8320797
8319223
8320796
8315626
8318496
8317873
8319944
8317828
8320648
8320899
8313579
8315159
8320234
8315476
8318197
8317143
8318429
8314132
8317273
8318226
8320448
8314599
8319452
8320789
8319866
8316898
8314817
8319357
8318607
8319563
8316620
8318909
8313210
8316992
8318939
8313282
8321578
8314840
8317975
8318242
8318806
8314257
8316188
8315900
8314171
8315934
8319576
8314822
8320574
8316556
8316706
8317290
8321589
8320100
8321381
8316975
8318192
8316511
8321596
8314026
8314071
8313816
8318455
8318146
8318315
8318644
8321093
8318592
8315206
8319524
8317275
8319674
8314718
8321686
8315843
8320721
8317559
8313933
8318319
8315587
8315990
8314468
8321484
8316254
8315051
8313069
8320192
8320492
8318100
8313523
8321779
8320185
8318244
8317919
8320163
8319845
8316120
8319495
8314179
8318014
8317573
8313394
8320347
8320929
8314923
8315674
8317350
8321844
8313879
8319836
8318308
8321021
8314007
8316576
8318193
8318740
8316999
8319269
8321970
8319189
8313271
8313837
8315974
8314165
8314020
8316313
8318912
8318356
8317529
8314505
8314088
8315654
8319212
8321660
8317925
8314463
8320750
8316463
8314046
8318031
8315679
8313195
8319963
8315814
8316850
8313471
8320258
8319084
8315769
8320110
8319989
8314730
8313185
8321611
8313949
8320616
8317348
8316580
8317860
8319911
8316470
8322008
8321712
8315485
8319712
8316541
8321262
8319289
8314870
8315182
8318753
8319403
8314105
8316494
8319777
8317497
8318305
8313819
8319874
8314786
8314014
8315380
8316333
8315798
8316900
8318910
8313187
8316500
8319556
8321260
8315124
8314810
8319575
8319967
8320280
8317177
8316116
8316854
8321644
8319180
8317820
8321845
8317105
8321695
8315933
8315024
8315612
8317032
8315184
8317342
8320026
8317831
8315757
8316050
8313872
8321946
8319682
8315541
8318336
8317874
8321502
8314304
8320539
8319659
8317413
8320120
8315480
8317404
8319245
8317390
8318972
8314233
8319469
8313986
8321271
8317148
8320406
8319139
8316655
8317671
8319446
8313317
8316166
8315627
8318212
8318880
8319847
8318559
8315809
8313490
8321788
8317777
8313755
8313445
8316910
8319280
8314004
8314640
8321926
8314450
8315110
8321885
8318161
8320457
8316161
8320499
8317133
8321427
8318555
8316039
8313333
8319135
8318564
8318273
8314266
8314302
8322029
8316300
8317548
8320385
8314859
8313845
8318891
8320951
8314275
8315991
8317882
8316357
8318123
8316973
8313488
8320441
8319318
8313356
8316124
8321652
8321286
8316047
8317012
8320090
8318842
8319008
8321359
8313416
8315105
8317183
8316113
8320442
8315455
8314380
8318059
8320057
8319140
8313170
8320356
8314521
8321075
8314783
8315805
8318038
8319137
8316436
8321504
8321725
8313918
8320212
8320577
8315070
8313841
8316740
8318324
8316382
8316982
8314280
8319667
8320410
8314481
8319103
8313575
8313465
8317027
8317186
8317845
8317641
8321515
8321828
8316443
8318281
8320331
8319560
8321068
8318850
8320543
8321585
8316919
8317393
8313891
8317709
8315027
8319367
8317005
8317412
8316343
8314336
8321386
8314163
8319998
8319655
8320021
8316129
8314305
8315948
8321547
8315241
8317031
8321866
8321453
8313702
8315101
8316324
8320811
8319843
8321276
8319478
8315346
8319102
8317970
8317790
8321374
8320060
8321228
8313919
8321936
8314059
8313741
8318769
8315013
8320691
8316131
8313851
8320316
8316644
8317428
8318311
8313996
8318537
8317268
8315348
8313256
8315291
8315445
8315771
8315375
8313639
8317259
8313449
8316386
8318984
8316099
8313606
8314307
8318183
8313196
8316645
8316571
8320604
8314518
8321385
8314167
8318043
8314235
8317345
8316367
8320922
8313848
8314600
8319022
8316009
8315732
8314721
8321189
8315391
8318290
8321065
8316621
8320451
8321187
8321126
8314185
8313148
8318980
8317830
8318718
8316063
8314771
8318815
8319165
8314904
8314986
8321389
8317003
8314723
8314333
8316276
8321490
8314941
8321680
8313424
8315435
8318316
8315863
8321584
8313543
8314912
8317160
8315569
8318820
8316622
8321464
8315692
8317171
8314833
8322016
8313844
8317615
8319335
8319591
8319545
8320978
8314226
8321774
8318229
8316930
8317246
8320652
8319340
8321063
8315288
8316639
8321015
8315306
8320834
8319883
8316955
8314116
8314265
8313947
8317657
8321254
8319373
8319415
8318376
8316531
8315829
8315490
8318023
8315222
8314726
8313220
8316796
8321924
8321154
8314217
8319561
8321298
8316417
8314729
8313207
8320843
8320756
8314382
8314965
8321140
8317584
8316891
8319207
8320510
8321356
8321434
8321594
8316602
8320109
8317797
8318969
8318795
8317058
8320769
8317007
8318167
8314899
8315309
8321045
8313364
8316243
8315153
8320663
8321244
8317533
8320160
8321534
8319660
8319000
8316117
8313074
8314871
8316726
8313477
8321180
8315254
8317494
8313380
8320136
8319904
8316750
8317425
8318671
8315583
8315625
8320943
8314285
8320272
8321014
8314875
8319393
8319937
8319990
8313834
8321889
8317158
8319516
8318278
8318182
8317325
8317444
8319229
8314455
8319131
8319723
8315210
8319884
8316996
8314256
8318021
8316846
8320999
8321421
8314211
8314763
8314733
8318045
8318526
8315854
8313661
8314880
8318940
8320275
8313599
8313403
8315189
8318500
8314645
8317856
8316632
8318530
8313158
8317333
8319115
8315730
8320805
8317071
8320195
8320537
8320621
8314593
8313601
8314681
8321717
8316880
8316178
8313098
8321129
8315584
8319124
8319837
8315400
8320061
8316851
8314814
8318309
8320784
8319549
8313306
8321346
8313374
8321493
8317977
8315352
8321614
8313438
8313463
8315897
8321799
8320246
8315662
8320670
8316920
8313303
8320535
8316265
8317123
8320155
8317448
8321767
8321431
8320458
8315911
8320847
8317011
8313102
8315899
8318255
8319834
8315055
8321618
8319266
8314961
8314431
8320452
8315501
8314279
8315985
8315968
8320148
8315859
8318581
8318565
8314300
8315749
8321947
8316756
8313063
8315624
8321172
8314863
8317295
8315165
8317092
8313493
8316661
8321978
8316917
8320891
8319106
8319744
8316671
8319486
8319271
8319239
8313984
8317198
8314955
8313884
8319309
8321409
8314031
8315339
8313873
8320744
8319859
8316547
8316729
8315606
8313642
8318208
8315420
8319345
8319220
8319167
8313209
8314821
8321516
8314945
8314913
8321223
8321220
8321897
8313790
8315518
8316595
8314779
8314902
8321826
8314166
8317944
8321886
8313794
8321480
8313948
8318028
8313636
8313555
8319977
8321083
8320444
8313703
8314003
8313281
8317127
8315671
8314056
8317142
8314442
8320005
8314222
8319042
8317593
8318139
8316114
8320540
8318436
8320189
8316958
8313811
8320091
8321439
8318049
8315629
8315423
8315700
8317755
8319255
8316194
8317441
8316588
8316476
8321967
8316782
8315932
8320963
8313713
8320695
8319696
8318832
8313717
8321941
8320749
8317315
8321605
8315956
8313936
8316374
8315277
8316365
8316545
8314284
8318456
8317282
8317050
8319771
8318036
8320583
8313682
8314606
8313152
8318326
8321603
8314410
8319098
8318548
8314626
8317927
8317648
8314767
8314435
8318476
8320116
8316429
8321468
8319349
8319151
8320173
8321685
8316376
8317232
8314853
8320953
8316681
8318114
8320955
8320076
8313091
8319264
8320639
8317286
8320599
8318325
8314542
8316444
8313959
8317733
8319424
8313827
8314180
8320049
8314736
8317208
8317456
8319675
8320067
8315858
8318200
8314717
8321337
8321494
8319222
8317144
8314935
8319246
8316315
8318002
8313480
8313070
8317370
8319419
8314283
8316169
8314110
8319211
8316052
8314263
8320931
8318667
8320725
8314264
8316742
8318551
8319465
8316473
8318954
8316596
8318964
8321009
8315463
8318042
8319457
8316070
8316236
8313866
8317586
8320647
8316797
8319366
8314597
8319928
8313916
8319684
8318655
8321001
8317635
8320979
8317422
8320129
8315823
8319048
8314617
8320312
8319588
8317421
8313472
8315227
8319555
8316676
8318237
8319445
8313101
8317226
8317018
8315086
8320723
8316542
8316573
8322025
8316203
8314852
8317221
8319201
8315487
8317101
8316187
8313269
8316659
8313309
8317618
8315797
8320875
8313694
8317289
8315977
8320689
8313618
8319761
8314520
8316355
8313801
8316887
8320011
8317322
8320613
8317102
8321750
8319413
8321121
8317236
8320325
8313434
8321523
8319972
8321402
8314869
8314762
8319914
8317731
8316081
8321539
8316723
8314664
8314670
8317066
8316402
8320375
8313943
8315563
8319128
8317765
8318995
8320774
8317653
8319721
8320014
8315538
8317047
8314997
8317356
8315351
8314946
8314261
8317808
8313373
8313347
8313145
8316042
8315167
8316648
8320333
8321809
8316543
8320193
8314643
8321624
8320804
8314565
8314492
8317787
8317692
8317453
8316271
8322017
8317249
8320773
8320586
8319849
8317086
8318502
8319015
8313468
8313094
8320977
8318724
8313722
8317768
8314798
8315460
8318579
8316517
8320557
8316474
8318846
8317405
8313153
8321703
8321034
8318961
8313590
8318053
8319214
8321292
8320366
8317670
8319275
8313795
8319881
8315548
8318976
8317939
8315205
8320715
8313624
8320932
8317621
8318420
8316308
8315631
8321406
8315041
8318117
8314952
8315071
8317686
8319270
8318233
8315862
8314028
8318375
8321302
8313856
8320159
8319765
8315300
8319298
8317732
8314590
8319738
8319123
8316563
8314665
8317151
8317220
8313062
8319808
8313242
8315665
8319129
8316965
8315747
8314603
8316832
8321327
8317908
8314224
8319668
8318236
8320142
8318327
8314374
8319353
8319831
8315093
8315520
8314019
8319854
8320650
8320031
8315441
8317320
8315472
8317209
8313969
8317472
8320794
8319906
8320827
8317594
8316301
8319157
8318484
8320339
8313603
8321761
8313252
8321673
8318129
8314777
8321682
8313807
8313429
8317499
8320626
8316352
8319973
8317837
8314622
8318858
8317516
8315059
8319394
8314286
8314805
8317857
8315489
8321457
8313125
8314205
8319425
8314249
8319824
8317934
8319231
8314371
8319608
8321702
8313905
8314063
8314526
8318225
8315741
8316967
8321721
8314632
8314000
8314864
8317391
8317961
8319422
8320226
8314372
8319054
8313739
8319174
8319710
8321338
8314780
8318061
8314698
8319921
8314421
8320590
8321326
8313113
8314364
8321649
8319618
8321662
8314018
8317883
8319241
8320803
8314765
8317744
8319529
8313360
8313221
8317057
8319662
8320065
8321710
8319113
8321085
8317727
8321859
8317339
8314282
8318403
8315844
8320236
8318835
8319191
8316779
8320555
8321116
8314400
8320516
8318085
8316141
8318323
8319027
8315289
8313806
8314998
8320161
8321092
8318458
8318911
8314339
8320335
8313738
8319745
8317980
8314646
8320573
8313378
8313831
8319051
8316490
8318020
8319437
8320520
8316755
8314453
8318013
8320920
8313895
8315316
8319578
8313921
8319832
8317836
8316329
8315188
8317100
8321862
8319829
8318726
8316679
8317821
8321023
8316901
8316768
8317638
8321243
8319184
8318786
8320064
8321099
8320515
8316567
8321943
8317438
8314194
8319492
8317546
8321514
8321838
8314661
8317672
8317616
8317185
8317458
8322028
8313681
8314972
8317888
8316353
8318168
8320174
8315268
8315957
8318651
8313338
8320000
8315370
8318755
8315002
8313558
8315923
8316803
8318621
8317040
8313139
8318817
8316894
8314916
8321425
8320854
8318333
8317652
8315955
8314528
8317562
8316305
8320395
8314751
8318624
8319784
8315885
8317626
8313407
8314475
8320870
8317035
8315190
8313173
8318143
8316805
8319267
8313423
8313887
8318761
8319119
8320279
8317567
8315049
8321616
8319127
8314160
8315211
8313911
8320180
8321870
8319634
8319573
8318690
8316268
8319499
8314716
8313363
8321562
8316370
8320338
8315770
8316318
8319644
8313854
8320324
8314746
8317642
8320429
8318796
8317389
8317933
8316909
8313122
8316075
8318997
8314035
8315683
8317550
8316774
8319006
8321323
8319512
8315012
8313440
8317045
8313169
8318467
8313734
8321213
8318813
8319750
8317769
8319931
8314596
8320134
8318586
8314189
8319619
8317989
8319633
8318498
8321821
8315852
8315925
8320059
8320307
8321598
8317097
8321376
8317902
8319125
8316944
8315678
8317540
8319181
8320983
8314589
8322033
8314278
8313322
8319612
8313576
8321141
8317291
8322004
8316241
8321285
8317043
8320645
8315392
8316257
8317580
8314936
8316061
8319005
8315887
8321626
8319087
8313068
8313453
8319483
8316539
8315043
8321488
8313964
8319440
8319083
8314297
8316412
8318604
8313507
8315950
8314885
8314987
8314563
8318957
8316286
8318009
8314671
8314494
8313830
8313277
8313716
8313199
8320572
8318784
8314471
8320525
8321792
8317187
8321102
8318646
8320730
8316143
8317842
8313721
8316772
8319779
8314703
8315353
8315046
8321361
8316593
8315412
8318310
8313754
8319077
8316278
8315526
8316317
8315304
8318798
8314530
8317492
8320124
8314886
8316812
8318978
8318925
8313413
8318454
8318082
8321040
8321448
8313870
8321353
8316201
8317526
8320509
8320595
8316918
8318639
8317903
8319890
8316736
8319917
8316784
8321033
8320755
8319315
8319574
8317487
8314995
8314174
8318781
8318553
8314055
8318291
8318703
8318747
8314429
8320487
8313693
8317930
8321542
8317776
8317061
8315136
8316485
8320699
8318227
8319067
8318412
8318461
8317366
8318771
8321293
8315458
8319387
8318669
8321950
8320918
8313880
8318938
8314124
8321623
8318185
8321378
8316017
8321945
8321330
8316518
8313156
8314052
8318754
8317277
8321987
8321842
8313626
8314016
8318180
8320392
8319686
8313899
8315014
8315417
8313957
8318134
8315720
8320022
8316385
8315158
8316747
8319233
8314017
8316759
8319948
8320913
8313262
8313231
8320355
8313313
8316408
8315154
8316858
8313809
8316794
8316857
8314030
8315336
8314842
8319378
8314296
8319550
8313529
8318659
8318017
8314559
8319631
8316253
8317496
8319179
8319935
8317266
8320408
8315208
8321868
8320591
8315632
8317685
8320545
8315287
8320924
8313605
8320062
8314254
8313151
8318057
8316807
8313103
8316516
8321413
8320783
8319296
8315528
8317704
8318613
8314854
8319314
8316123
8319001
8319155
8314801
8316525
8319525
8319974
8316369
8320838
8315500
8318492
8319034
8316130
8313728
8315959
8317298
8318919
8321928
8315259
8318931
8318431
8316146
8317166
8315553
8316414
8315409
8318120
8319802
8321739
8313442
8315140
8320287
8318630
8317948
8318186
8318478
8317008
8321663
8316781
8317149
8317313
8320968
8315924
8313594
8321659
8315331
8317829
8316154
8315980
8315711
8315442
8318982
8317194
8319825
8319908
8321052
8313393
8313354
8319893
8316733
8315989
8315572
8320357
8317764
8318811
8314515
8318443
8318232
8320267
8317503
8313785
8317281
8313715
8321733
8313615
8321762
8313774
8318986
8317002
8314607
8317026
8313548
8317870
8318746
8314103
8314051
8316579
8315645
8319706
8318712
8321332
8314819
8318066
8320902
8320447
8315082
8316770
8315506
8318570
8316480
8313544
8316405
8321709
8318202
8314850
8320114
8321152
8318971
8321958
8319724
8315364
8320250
8321653
8319568
8314001
8316612
8313249
8321719
8314848
8318826
8321112
8317223
8314787
8318313
8316713
8317620
8314381
8321861
8314629
8321793
8314385
8314509
8321760
8319725
8316304
8317261
8317397
8315358
8319842
8316458
8313541
8319521
8317674
8317161
8318282
8320705
8314236
8315160
8316980
8320186
8319242
8321287
8313956
8319065
8316459
8315216
8318388
8315698
8320625
8321810
8320399
8318756
8313487
8317604
8314434
8318173
8320436
8317464
8319768
8321169
8313696
8319190
8321166
8318999
8316198
8314379
8314894
8319702
8313645
8318084
8316932
8318907
8321380
8317420
8314895
8315173
8320308
8321071
8318380
8313961
8313522
8316069
8319639
8321599
8320765
8319016
8314104
8314598
8319147
8315967
8317730
8315247
8318217
8316695
8319418
8313978
8317999
8321055
8313589
8313367
8314341
8318521
8316617
8317238
8320508
8314752
8321128
8321258
8321629
8316133
8322026
8316863
8318827
8318721
8316269
8320580
8316289
8318692
8318837
8321735
8318778
8314785
8315486
8318657
8317867
8320582
8321149
8314983
8316273
8314585
8320460
8316703
8313134
8314915
8317482
8316239
8318733
8315703
8319734
8317117
8315225
8319616
8315905
8321572
8317429
8318883
8318932
8321175
8319374
8313861
8317336
8320952
8315361
8315776
8317386
8313190
8316277
8317381
8315552
8315609
8321976
8321909
8314732
8319971
8315614
8316006
8314851
8319651
8320768
8313892
8317395
8316106
8315396
8313387
8315713
8317287
8321617
8319045
8320776
8313763
8314239
8320603
8321891
8319225
8313676
8315728
8321177
8313973
8320708
8321417
8320016
8314812
8319031
8321791
8316084
8317124
8315570
8315073
8314337
8313284
8316514
8318854
8318609
8313549
8317714
8314920
8315685
8321898
8313144
8315270
8315453
8320156
8321143
8321929
8319130
8321715
8319532
8317519
8313528
8320679
8321818
8320190
8315149
8315317
8313492
8314943
8319175
8316415
8317708
8314989
8321442
8317401
8321567
8320923
8313191
8317940
8314826
8314506
8317260
8314323
8314342
8320365
8316737
8320589
8320925
8319112
8314872
8313236
8314164
8314115
8317072
8321508
8315310
8313258
8315641
8317923
8321239
8320146
8318641
8320664
8313166
8320717
8317612
8314538
8319627
8313097
8313663
8315694
8315431
8320438
8319785
8317094
8321992
8316763
8318966
8321218
8314340
8321645
8317801
8316971
8317583
8313808
8319202
8317408
8315365
8317779
8316853
8316121
8319648
8313202
8315115
8316383
8317343
8318679
8317358
8320001
8314574
8317759
8317075
8320127
8322053
8316503
8318571
8317179
8320098
8317039
8321340
8313913
8313865
8313690
8316540
8317737
8319746
8315169
8313648
8313775
8318513
8315294
8321895
8315492
8316388
8320422
8317632
8314320
8317466
8320137
8317046
8317190
8321876
8318716
8316255
8317866
8317170
8313114
8315298
8319344
8317741
8313495
8314418
8314878
8315821
8320337
8319703
8318214
8319797
8317312
8316787
8317247
8318943
8316467
8320511
8316717
8319060
8314778
8313498
8320237
8315001
8318329
8319146
8318110
8319788
8321666
8317402
8316558
8321621
8313932
8313402
8316821
8317815
8315398
8315707
8321485
8317798
8315652
8318076
8314614
8321079
8316883
8321452
8313710
8320340
8320486
8313283
8313915
8318088
8319434
8315659
8317587
8313934
8320886
8321131
8320809
8316538
8313974
8320758
8316496
8317622
8321282
8319759
8314908
8315585
8314159
8317911
8319939
8317746
8315257
8316813
8318277
8321806
8314699
8314914
8321808
8319386
8314259
8315610
8313736
8321590
8320121
8315187
8320498
8315084
8321795
8316672
8321168
8316157
8318612
8320707
8319107
8320348
8315973
8318231
8320697
8315775
8318352
8313662
8319603
8320361
8316492
8313088
8318899
8316381
8321428
8320564
8314564
8317301
8313511
8320712
8314919
8315497
8316046
8315668
8320661
8320742
8319776
8322050
8320855
8316023
8317257
8316091
8319947
8315993
8319546
8314464
8317376
8317398
8320747
8320024
8313578
8316457
8316489
8318415
8316912
8313327
8320825
8313776
8315909
8316700
8318155
8319460
8313305
8319007
8320623
8318485
8316799
8320484
8315930
8320297
8315555
8317716
8318681
8313129
8321904
8320119
8314416
8318063
8316990
8315126
8314238
8319221
8314962
8318967
8318689
8313719
8320945
8317155
8320245
8313353
8318016
8321704
8314647
8320836
8319285
8317214
8318171
8321915
8315996
8318640
8314271
8316738
8317527
8315873
8313379
8319337
8321279
8314367
8315204
8319070
8315716
8319827
8318578
8313960
8315451
8322030
8316989
8316947
8314720
8313674
8319736
8319590
8317825
8313469
8319728
8315021
8316438
8319690
8320911
8315831
8314025
8313240
8319069
8315523
8321155
8317440
8314660
8313560
8313756
8315676
8318414
8317678
8313770
8317459
8320313
8320468
8318853
8315437
8321352
8314290
8317805
8314221
8314473
8317804
8315675
8318295
8316550
8318515
8317250
8314218
8317796
8318096
8314080
8318895
8318834
8321537
8313348
8314045
8319551
8320463
8315302
8317697
8320733
8320522
8320199
8314667
8319185
8313067
8321654
8320863
8315177
8319404
8315328
8321675
8321896
8321455
8321962
8314704
8320384
8317294
8321787
8316132
8317549
8313264
8320254
8315765
8314868
8313572
8321205
8315209
8316264
8313989
8321289
8317041
8318765
8314557
8317922
8321768
8315663
8321857
8321759
8313568
8321249
8317020
8315495
8314608
8316000
8313274
8319844
8317734
8315424
8317998
8316649
8318438
8321235
8320528
8318405
8321749
8321255
8314784
8317476
8313244
8318760
8320500
8321138
8320387
8316830
8319429
8313596
8315892
8321736
8316058
8320818
8313082
8314865
8313607
8315558
8314243
8313625
8320383
8315758
8316478
8314725
8319194
8318973
8320084
8314560
8321124
8321769
8316256
8316848
8315594
8319688
8319348
8315378
8320235
8317978
8321746
8318383
8315421
8320872
8321038
8314112
8321118
8315799
8317483
8317128
8315800
8321571
8319975
8318365
8317617
8321171
8315589
8320477
8319817
8315263
8315846
8313315
8320244
8313503
8320052
8313288
8314684
8314349
8314440
8320512
8317556
8315527
8315438
8321320
8320889
8313761
8318610
8316231
8318133
8315595
8316325
8321742
8316871
8313954
8319432
8316319
8317038
8321869
8315642
8315880
8319774
8317723
8314360
8314388
8320070
8318550
8314255
8319003
8316899
8316172
8318663
8318312
8315836
8313476
8316635
8315650
8319010
8322018
8316471
8313941
8321119
8314480
8320504
8316127
8315334
8314984
8317826
8318385
8317174
8319262
8313300
8318810
8318823
8319203
8315427
8313644
8321713
8319079
8319909
8315035
8318198
8313758
8321264
8314575
8318251
8319307
8314624
8317956
8314513
8318951
8316394
8318261
8314719
8315374
8320115
8317157
8321667
8320646
8319994
8317224
8314712
8315793
8314797
8319426
8315561
8317693
8318409
8321237
8313497
8317434
8318446
8315045
8319830
8313730
8320937
8313229
8314186
8320518
8320962
8315280
8314921
8319272
8313638
8316945
8314084
8317445
8317084
8316698
8320901
8318557
8313135
8319479
8318012
8314620
8321073
8317669
8318032
8313406
8317227
8322045
8315896
8321954
8316111
8320270
8319134
8315551
8316601
8321972
8318191
8320219
8315461
8313898
8317920
8320471
8318452
8313979
8314198
8321766
8314322
8319442
8316599
8313420
8321137
8320915
8316662
8319579
8319991
8313278
8316059
8314539
8315655
8320088
8317206
8319538
8322005
8321300
8316911
8317230
8316953
8317819
8316221
8315774
8320592
8319480
8321105
8313270
8316440
8318306
8321999
8314680
8320318
8320225
8317360
8316263
8316090
8319458
8313982
8320491
8316186
8318514
8319136
8321089
8314672
8318504
8319082
8318361
8316495
8321295
8320734
8320984
8314949
8317388
8319062
8321734
8319412
8314460
8319117
8313850
8319047
8321545
8319554
8320533
8321748
8318044
8319291
8318067
8321069
8315128
8321461
8315344
8313225
8316165
8317311
8318344
8319074
8316498
8314229
8316943
8313670
8317467
8313099
8318554
8321912
8316347
8319853
8314879
8319915
8313447
8322052
8321951
8319867
8316297
8320323
8321500
8316523
8315290
8316393
8316029
8317030
8315616
8320215
8314369
8321058
8313136
8321597
8317729
8314507
8315233
8315060
8321336
8320285
8314977
8318372
8314151
8317595
8314691
8320073
8319626
8321395
8320010
8316228
8313975
8313842
8318948
8315633
8321592
8315052
8314097
8319567
8321974
8318950
8316689
8315953
8315175
8314772
8317962
8315371
8321145
8314910
8314119
8320208
8321176
8320177
8317590
8318407
8320293
8316284
8315069
8320087
8314845
8321163
8320496
8316007
8320507
8316589
8319050
8314373
8320056
8315258
8317950
8314407
8319302
8317973
8316566
8318147
8315239
8315522
8317407
8320296
8315599
8320263
8319251
8320558
8316183
8321956
8320778
8316927
8321650
8315143
8320876
8319540
8320630
8315034
8318249
8318668
8314436
8313247
8320835
8313967
8317985
8320739
8315723
8315200
8321661
8318629
8317530
8314466
8318266
8316603
8321837
8321555
8316119
8321467
8317906
8317896
8314391
8321997
8317073
8313571
8313784
8319258
8319068
8317613
8321383
8314747
8320600
8320956
8318735
8315734
8321054
8318615
8316451
8313881
8315009
8315266
8315772
8317722
8319602
8321754
8315318
8320402
8313999
8319196
8315752
8321573
8315482
8313065
8318150
8316535
8317891
8321899
8318337
8317532
8315945
8313646
8317112
8316666
8319877
8316838
8319078
8321884
8321864
8319611
8315591
8318734
8313983
8316122
8315356
8320164
8315820
8317147
8317858
8320231
8315740
8315399
8314954
8321764
8316181
8318152
8314195
8321518
8314829
8313733
8319730
8319092
8313742
8314242
8316837
8317175
8318184
8318793
8316262
8321072
8319284
8313796
8313699
8321397
8320726
8318466
8318037
8320563
8316923
8322019
8315826
8319925
8321017
8315003
8315696
8318958
8320763
8319197
8315697
8317854
8313931
8317907
8315860
8321948
8317079
8318174
8315691
8321101
8314694
8317614
8317471
8317602
8317029
8319361
8318808
8316398
8318694
8315704
8317676
8314289
8319443
8319749
8316107
8321690
8316691
8316184
8320656
8317552
8315218
8320897
8314713
8315927
8319835
8316290
8314101
8320982
8318905
8319332
8320255
8320710
8316387
8320029
8317014
8317570
8314446
8318341
8315106
8315906
8317087
8316395
8320996
8313516
8313547
8313689
8319962
8317119
8320892
8313812
8319756
8314024
8316225
8319649
8320386
8313307
8317833
8317242
8318699
8316279
8321582
8314655
8319122
8316416
8319033
8319013
8319539
8317096
8315269
8317495
8318359
8320223
8320414
8321348
8316280
8319368
8316950
8318318
8321820
8314911
8320485
8322040
8313620
8315947
8318095
